#SOLVERNAME# ECOS
#SOLVER# ECOS.ECOSSolver(Any[(:verbose, true)])
#INSTANCE# _1.499548816318122e9.cbf.gz
#TIMELIMIT# 300.0
#ERROR# MethodError(MathProgBase.SolverInterface.getsolvetime, (ECOS.ECOSMathProgModel(360, 685, 685, 120, 253, 12, [6, 6, 6, 6, 6, 6, 6, 6, 6, 6, 6, 6], 120, 
  [1  ,   1]  =  -1.0
  [121,   1]  =  1.0
  [122,   1]  =  1.0
  [2  ,   2]  =  -1.0
  [121,   2]  =  1.0
  [123,   2]  =  1.0
  [3  ,   3]  =  -1.0
  [121,   3]  =  1.0
  [124,   3]  =  1.0
  [4  ,   4]  =  -1.0
  [121,   4]  =  1.0
  [125,   4]  =  1.0
  [5  ,   5]  =  -1.0
  [121,   5]  =  1.0
  [126,   5]  =  1.0
  [6  ,   6]  =  -1.0
  [121,   6]  =  1.0
  [127,   6]  =  1.0
  [7  ,   7]  =  -1.0
  [121,   7]  =  1.0
  [128,   7]  =  1.0
  [8  ,   8]  =  -1.0
  [121,   8]  =  1.0
  [129,   8]  =  1.0
  [9  ,   9]  =  -1.0
  [121,   9]  =  1.0
  [130,   9]  =  1.0
  [10 ,  10]  =  -1.0
  [121,  10]  =  1.0
  [131,  10]  =  1.0
  [11 ,  11]  =  -1.0
  [121,  11]  =  1.0
  [132,  11]  =  1.0
  [12 ,  12]  =  -1.0
  [121,  12]  =  1.0
  [133,  12]  =  1.0
  [13 ,  13]  =  -1.0
  [121,  13]  =  1.0
  [134,  13]  =  1.0
  [14 ,  14]  =  -1.0
  [121,  14]  =  1.0
  [135,  14]  =  1.0
  [15 ,  15]  =  -1.0
  [121,  15]  =  1.0
  [136,  15]  =  1.0
  [16 ,  16]  =  -1.0
  [121,  16]  =  1.0
  [137,  16]  =  1.0
  [17 ,  17]  =  -1.0
  [121,  17]  =  1.0
  [138,  17]  =  1.0
  [18 ,  18]  =  -1.0
  [121,  18]  =  1.0
  [139,  18]  =  1.0
  [19 ,  19]  =  -1.0
  [121,  19]  =  1.0
  [140,  19]  =  1.0
  [20 ,  20]  =  -1.0
  [121,  20]  =  1.0
  [141,  20]  =  1.0
  [21 ,  21]  =  -1.0
  [121,  21]  =  1.0
  [142,  21]  =  1.0
  [22 ,  22]  =  -1.0
  [121,  22]  =  1.0
  [143,  22]  =  1.0
  [23 ,  23]  =  -1.0
  [121,  23]  =  1.0
  [144,  23]  =  1.0
  [24 ,  24]  =  -1.0
  [121,  24]  =  1.0
  [145,  24]  =  1.0
  [25 ,  25]  =  -1.0
  [121,  25]  =  1.0
  [146,  25]  =  1.0
  [26 ,  26]  =  -1.0
  [121,  26]  =  1.0
  [147,  26]  =  1.0
  [27 ,  27]  =  -1.0
  [121,  27]  =  1.0
  [148,  27]  =  1.0
  [28 ,  28]  =  -1.0
  [121,  28]  =  1.0
  [149,  28]  =  1.0
  [29 ,  29]  =  -1.0
  [121,  29]  =  1.0
  [150,  29]  =  1.0
  [30 ,  30]  =  -1.0
  [121,  30]  =  1.0
  [151,  30]  =  1.0
  [31 ,  31]  =  -1.0
  [121,  31]  =  1.0
  [152,  31]  =  1.0
  [32 ,  32]  =  -1.0
  [121,  32]  =  1.0
  [153,  32]  =  1.0
  [33 ,  33]  =  -1.0
  [121,  33]  =  1.0
  [154,  33]  =  1.0
  [34 ,  34]  =  -1.0
  [121,  34]  =  1.0
  [155,  34]  =  1.0
  [35 ,  35]  =  -1.0
  [121,  35]  =  1.0
  [156,  35]  =  1.0
  [36 ,  36]  =  -1.0
  [121,  36]  =  1.0
  [157,  36]  =  1.0
  [37 ,  37]  =  -1.0
  [121,  37]  =  1.0
  [158,  37]  =  1.0
  [38 ,  38]  =  -1.0
  [121,  38]  =  1.0
  [159,  38]  =  1.0
  [39 ,  39]  =  -1.0
  [121,  39]  =  1.0
  [160,  39]  =  1.0
  [40 ,  40]  =  -1.0
  [121,  40]  =  1.0
  [161,  40]  =  1.0
  [41 ,  41]  =  -1.0
  [121,  41]  =  1.0
  [162,  41]  =  1.0
  [42 ,  42]  =  -1.0
  [121,  42]  =  1.0
  [163,  42]  =  1.0
  [43 ,  43]  =  -1.0
  [121,  43]  =  1.0
  [164,  43]  =  1.0
  [44 ,  44]  =  -1.0
  [121,  44]  =  1.0
  [165,  44]  =  1.0
  [45 ,  45]  =  -1.0
  [121,  45]  =  1.0
  [166,  45]  =  1.0
  [46 ,  46]  =  -1.0
  [121,  46]  =  1.0
  [167,  46]  =  1.0
  [47 ,  47]  =  -1.0
  [121,  47]  =  1.0
  [168,  47]  =  1.0
  [48 ,  48]  =  -1.0
  [121,  48]  =  1.0
  [169,  48]  =  1.0
  [49 ,  49]  =  -1.0
  [121,  49]  =  1.0
  [170,  49]  =  1.0
  [50 ,  50]  =  -1.0
  [121,  50]  =  1.0
  [171,  50]  =  1.0
  [51 ,  51]  =  -1.0
  [121,  51]  =  1.0
  [172,  51]  =  1.0
  [52 ,  52]  =  -1.0
  [121,  52]  =  1.0
  [173,  52]  =  1.0
  [53 ,  53]  =  -1.0
  [121,  53]  =  1.0
  [174,  53]  =  1.0
  [54 ,  54]  =  -1.0
  [121,  54]  =  1.0
  [175,  54]  =  1.0
  [55 ,  55]  =  -1.0
  [121,  55]  =  1.0
  [176,  55]  =  1.0
  [56 ,  56]  =  -1.0
  [121,  56]  =  1.0
  [177,  56]  =  1.0
  [57 ,  57]  =  -1.0
  [121,  57]  =  1.0
  [178,  57]  =  1.0
  [58 ,  58]  =  -1.0
  [121,  58]  =  1.0
  [179,  58]  =  1.0
  [59 ,  59]  =  -1.0
  [121,  59]  =  1.0
  [180,  59]  =  1.0
  [60 ,  60]  =  -1.0
  [121,  60]  =  1.0
  [181,  60]  =  1.0
  [61 ,  61]  =  -1.0
  [121,  61]  =  1.0
  [182,  61]  =  1.0
  [62 ,  62]  =  -1.0
  [121,  62]  =  1.0
  [183,  62]  =  1.0
  [63 ,  63]  =  -1.0
  [121,  63]  =  1.0
  [184,  63]  =  1.0
  [64 ,  64]  =  -1.0
  [121,  64]  =  1.0
  [185,  64]  =  1.0
  [65 ,  65]  =  -1.0
  [121,  65]  =  1.0
  [186,  65]  =  1.0
  [66 ,  66]  =  -1.0
  [121,  66]  =  1.0
  [187,  66]  =  1.0
  [67 ,  67]  =  -1.0
  [121,  67]  =  1.0
  [188,  67]  =  1.0
  [68 ,  68]  =  -1.0
  [121,  68]  =  1.0
  [189,  68]  =  1.0
  [69 ,  69]  =  -1.0
  [121,  69]  =  1.0
  [190,  69]  =  1.0
  [70 ,  70]  =  -1.0
  [121,  70]  =  1.0
  [191,  70]  =  1.0
  [71 ,  71]  =  -1.0
  [121,  71]  =  1.0
  [192,  71]  =  1.0
  [72 ,  72]  =  -1.0
  [121,  72]  =  1.0
  [193,  72]  =  1.0
  [73 ,  73]  =  -1.0
  [121,  73]  =  1.0
  [194,  73]  =  1.0
  [74 ,  74]  =  -1.0
  [121,  74]  =  1.0
  [195,  74]  =  1.0
  [75 ,  75]  =  -1.0
  [121,  75]  =  1.0
  [196,  75]  =  1.0
  [76 ,  76]  =  -1.0
  [121,  76]  =  1.0
  [197,  76]  =  1.0
  [77 ,  77]  =  -1.0
  [121,  77]  =  1.0
  [198,  77]  =  1.0
  [78 ,  78]  =  -1.0
  [121,  78]  =  1.0
  [199,  78]  =  1.0
  [79 ,  79]  =  -1.0
  [121,  79]  =  1.0
  [200,  79]  =  1.0
  [80 ,  80]  =  -1.0
  [121,  80]  =  1.0
  [201,  80]  =  1.0
  [81 ,  81]  =  -1.0
  [121,  81]  =  1.0
  [202,  81]  =  1.0
  [82 ,  82]  =  -1.0
  [121,  82]  =  1.0
  [203,  82]  =  1.0
  [83 ,  83]  =  -1.0
  [121,  83]  =  1.0
  [204,  83]  =  1.0
  [84 ,  84]  =  -1.0
  [121,  84]  =  1.0
  [205,  84]  =  1.0
  [85 ,  85]  =  -1.0
  [121,  85]  =  1.0
  [206,  85]  =  1.0
  [86 ,  86]  =  -1.0
  [121,  86]  =  1.0
  [207,  86]  =  1.0
  [87 ,  87]  =  -1.0
  [121,  87]  =  1.0
  [208,  87]  =  1.0
  [88 ,  88]  =  -1.0
  [121,  88]  =  1.0
  [209,  88]  =  1.0
  [89 ,  89]  =  -1.0
  [121,  89]  =  1.0
  [210,  89]  =  1.0
  [90 ,  90]  =  -1.0
  [121,  90]  =  1.0
  [211,  90]  =  1.0
  [91 ,  91]  =  -1.0
  [121,  91]  =  1.0
  [212,  91]  =  1.0
  [92 ,  92]  =  -1.0
  [121,  92]  =  1.0
  [213,  92]  =  1.0
  [93 ,  93]  =  -1.0
  [121,  93]  =  1.0
  [214,  93]  =  1.0
  [94 ,  94]  =  -1.0
  [121,  94]  =  1.0
  [215,  94]  =  1.0
  [95 ,  95]  =  -1.0
  [121,  95]  =  1.0
  [216,  95]  =  1.0
  [96 ,  96]  =  -1.0
  [121,  96]  =  1.0
  [217,  96]  =  1.0
  [97 ,  97]  =  -1.0
  [121,  97]  =  1.0
  [218,  97]  =  1.0
  [98 ,  98]  =  -1.0
  [121,  98]  =  1.0
  [219,  98]  =  1.0
  [99 ,  99]  =  -1.0
  [121,  99]  =  1.0
  [220,  99]  =  1.0
  [100, 100]  =  -1.0
  [121, 100]  =  1.0
  [221, 100]  =  1.0
  [101, 101]  =  -1.0
  [121, 101]  =  1.0
  [222, 101]  =  1.0
  [102, 102]  =  -1.0
  [121, 102]  =  1.0
  [223, 102]  =  1.0
  [103, 103]  =  -1.0
  [121, 103]  =  1.0
  [224, 103]  =  1.0
  [104, 104]  =  -1.0
  [121, 104]  =  1.0
  [225, 104]  =  1.0
  [105, 105]  =  -1.0
  [121, 105]  =  1.0
  [226, 105]  =  1.0
  [106, 106]  =  -1.0
  [121, 106]  =  1.0
  [227, 106]  =  1.0
  [107, 107]  =  -1.0
  [121, 107]  =  1.0
  [228, 107]  =  1.0
  [108, 108]  =  -1.0
  [121, 108]  =  1.0
  [229, 108]  =  1.0
  [109, 109]  =  -1.0
  [121, 109]  =  1.0
  [230, 109]  =  1.0
  [110, 110]  =  -1.0
  [121, 110]  =  1.0
  [231, 110]  =  1.0
  [111, 111]  =  -1.0
  [121, 111]  =  1.0
  [232, 111]  =  1.0
  [112, 112]  =  -1.0
  [121, 112]  =  1.0
  [233, 112]  =  1.0
  [113, 113]  =  -1.0
  [121, 113]  =  1.0
  [234, 113]  =  1.0
  [114, 114]  =  -1.0
  [121, 114]  =  1.0
  [235, 114]  =  1.0
  [115, 115]  =  -1.0
  [121, 115]  =  1.0
  [236, 115]  =  1.0
  [116, 116]  =  -1.0
  [121, 116]  =  1.0
  [237, 116]  =  1.0
  [117, 117]  =  -1.0
  [121, 117]  =  1.0
  [238, 117]  =  1.0
  [118, 118]  =  -1.0
  [121, 118]  =  1.0
  [239, 118]  =  1.0
  [119, 119]  =  -1.0
  [121, 119]  =  1.0
  [240, 119]  =  1.0
  [120, 120]  =  -1.0
  [121, 120]  =  1.0
  [241, 120]  =  1.0
  [255, 121]  =  -1.0
  [256, 122]  =  -1.0
  [257, 123]  =  -1.0
  [258, 124]  =  -1.0
  [259, 125]  =  -1.0
  [261, 126]  =  -1.0
  [262, 127]  =  -1.0
  [263, 128]  =  -1.0
  [264, 129]  =  -1.0
  [265, 130]  =  -1.0
  [267, 131]  =  -1.0
  [268, 132]  =  -1.0
  [269, 133]  =  -1.0
  [270, 134]  =  -1.0
  [271, 135]  =  -1.0
  [273, 136]  =  -1.0
  [274, 137]  =  -1.0
  [275, 138]  =  -1.0
  [276, 139]  =  -1.0
  [277, 140]  =  -1.0
  [279, 141]  =  -1.0
  [280, 142]  =  -1.0
  [281, 143]  =  -1.0
  [282, 144]  =  -1.0
  [283, 145]  =  -1.0
  [285, 146]  =  -1.0
  [286, 147]  =  -1.0
  [287, 148]  =  -1.0
  [288, 149]  =  -1.0
  [289, 150]  =  -1.0
  [291, 151]  =  -1.0
  [292, 152]  =  -1.0
  [293, 153]  =  -1.0
  [294, 154]  =  -1.0
  [295, 155]  =  -1.0
  [297, 156]  =  -1.0
  [298, 157]  =  -1.0
  [299, 158]  =  -1.0
  [300, 159]  =  -1.0
  [301, 160]  =  -1.0
  [303, 161]  =  -1.0
  [304, 162]  =  -1.0
  [305, 163]  =  -1.0
  [306, 164]  =  -1.0
  [307, 165]  =  -1.0
  [309, 166]  =  -1.0
  [310, 167]  =  -1.0
  [311, 168]  =  -1.0
  [312, 169]  =  -1.0
  [313, 170]  =  -1.0
  [315, 171]  =  -1.0
  [316, 172]  =  -1.0
  [317, 173]  =  -1.0
  [318, 174]  =  -1.0
  [319, 175]  =  -1.0
  [321, 176]  =  -1.0
  [322, 177]  =  -1.0
  [323, 178]  =  -1.0
  [324, 179]  =  -1.0
  [325, 180]  =  -1.0
  [328, 181]  =  -1.0
  [331, 181]  =  1.0
  [334, 182]  =  -1.0
  [337, 182]  =  1.0
  [340, 183]  =  -1.0
  [343, 183]  =  1.0
  [346, 184]  =  -1.0
  [349, 184]  =  1.0
  [352, 185]  =  -1.0
  [355, 185]  =  1.0
  [358, 186]  =  -1.0
  [361, 186]  =  1.0
  [364, 187]  =  -1.0
  [367, 187]  =  1.0
  [370, 188]  =  -1.0
  [373, 188]  =  1.0
  [376, 189]  =  -1.0
  [379, 189]  =  1.0
  [382, 190]  =  -1.0
  [385, 190]  =  1.0
  [388, 191]  =  -1.0
  [391, 191]  =  1.0
  [394, 192]  =  -1.0
  [397, 192]  =  1.0
  [400, 193]  =  -1.0
  [403, 193]  =  1.0
  [406, 194]  =  -1.0
  [409, 194]  =  1.0
  [412, 195]  =  -1.0
  [415, 195]  =  1.0
  [418, 196]  =  -1.0
  [421, 196]  =  1.0
  [424, 197]  =  -1.0
  [427, 197]  =  1.0
  [430, 198]  =  -1.0
  [433, 198]  =  1.0
  [436, 199]  =  -1.0
  [439, 199]  =  1.0
  [442, 200]  =  -1.0
  [445, 200]  =  1.0
  [448, 201]  =  -1.0
  [451, 201]  =  1.0
  [454, 202]  =  -1.0
  [457, 202]  =  1.0
  [460, 203]  =  -1.0
  [463, 203]  =  1.0
  [466, 204]  =  -1.0
  [469, 204]  =  1.0
  [472, 205]  =  -1.0
  [475, 205]  =  1.0
  [478, 206]  =  -1.0
  [481, 206]  =  1.0
  [484, 207]  =  -1.0
  [487, 207]  =  1.0
  [490, 208]  =  -1.0
  [493, 208]  =  1.0
  [496, 209]  =  -1.0
  [499, 209]  =  1.0
  [502, 210]  =  -1.0
  [505, 210]  =  1.0
  [508, 211]  =  -1.0
  [511, 211]  =  1.0
  [514, 212]  =  -1.0
  [517, 212]  =  1.0
  [520, 213]  =  -1.0
  [523, 213]  =  1.0
  [526, 214]  =  -1.0
  [529, 214]  =  1.0
  [532, 215]  =  -1.0
  [535, 215]  =  1.0
  [538, 216]  =  -1.0
  [541, 216]  =  1.0
  [544, 217]  =  -1.0
  [547, 217]  =  1.0
  [550, 218]  =  -1.0
  [553, 218]  =  1.0
  [556, 219]  =  -1.0
  [559, 219]  =  1.0
  [562, 220]  =  -1.0
  [565, 220]  =  1.0
  [568, 221]  =  -1.0
  [571, 221]  =  1.0
  [574, 222]  =  -1.0
  [577, 222]  =  1.0
  [580, 223]  =  -1.0
  [583, 223]  =  1.0
  [586, 224]  =  -1.0
  [589, 224]  =  1.0
  [592, 225]  =  -1.0
  [595, 225]  =  1.0
  [598, 226]  =  -1.0
  [601, 226]  =  1.0
  [604, 227]  =  -1.0
  [607, 227]  =  1.0
  [610, 228]  =  -1.0
  [613, 228]  =  1.0
  [616, 229]  =  -1.0
  [619, 229]  =  1.0
  [622, 230]  =  -1.0
  [625, 230]  =  1.0
  [628, 231]  =  -1.0
  [631, 231]  =  1.0
  [634, 232]  =  -1.0
  [637, 232]  =  1.0
  [640, 233]  =  -1.0
  [643, 233]  =  1.0
  [646, 234]  =  -1.0
  [649, 234]  =  1.0
  [652, 235]  =  -1.0
  [655, 235]  =  1.0
  [658, 236]  =  -1.0
  [661, 236]  =  1.0
  [664, 237]  =  -1.0
  [667, 237]  =  1.0
  [670, 238]  =  -1.0
  [673, 238]  =  1.0
  [676, 239]  =  -1.0
  [679, 239]  =  1.0
  [682, 240]  =  -1.0
  [685, 240]  =  1.0
  [242, 241]  =  1.0
  [326, 241]  =  1.0
  [242, 242]  =  1.0
  [332, 242]  =  1.0
  [242, 243]  =  1.0
  [338, 243]  =  1.0
  [242, 244]  =  1.0
  [344, 244]  =  1.0
  [242, 245]  =  1.0
  [350, 245]  =  1.0
  [242, 246]  =  1.0
  [329, 246]  =  1.0
  [242, 247]  =  1.0
  [335, 247]  =  1.0
  [242, 248]  =  1.0
  [341, 248]  =  1.0
  [242, 249]  =  1.0
  [347, 249]  =  1.0
  [242, 250]  =  1.0
  [353, 250]  =  1.0
  [243, 251]  =  1.0
  [356, 251]  =  1.0
  [243, 252]  =  1.0
  [362, 252]  =  1.0
  [243, 253]  =  1.0
  [368, 253]  =  1.0
  [243, 254]  =  1.0
  [374, 254]  =  1.0
  [243, 255]  =  1.0
  [380, 255]  =  1.0
  [243, 256]  =  1.0
  [359, 256]  =  1.0
  [243, 257]  =  1.0
  [365, 257]  =  1.0
  [243, 258]  =  1.0
  [371, 258]  =  1.0
  [243, 259]  =  1.0
  [377, 259]  =  1.0
  [243, 260]  =  1.0
  [383, 260]  =  1.0
  [244, 261]  =  1.0
  [386, 261]  =  1.0
  [244, 262]  =  1.0
  [392, 262]  =  1.0
  [244, 263]  =  1.0
  [398, 263]  =  1.0
  [244, 264]  =  1.0
  [404, 264]  =  1.0
  [244, 265]  =  1.0
  [410, 265]  =  1.0
  [244, 266]  =  1.0
  [389, 266]  =  1.0
  [244, 267]  =  1.0
  [395, 267]  =  1.0
  [244, 268]  =  1.0
  [401, 268]  =  1.0
  [244, 269]  =  1.0
  [407, 269]  =  1.0
  [244, 270]  =  1.0
  [413, 270]  =  1.0
  [245, 271]  =  1.0
  [416, 271]  =  1.0
  [245, 272]  =  1.0
  [422, 272]  =  1.0
  [245, 273]  =  1.0
  [428, 273]  =  1.0
  [245, 274]  =  1.0
  [434, 274]  =  1.0
  [245, 275]  =  1.0
  [440, 275]  =  1.0
  [245, 276]  =  1.0
  [419, 276]  =  1.0
  [245, 277]  =  1.0
  [425, 277]  =  1.0
  [245, 278]  =  1.0
  [431, 278]  =  1.0
  [245, 279]  =  1.0
  [437, 279]  =  1.0
  [245, 280]  =  1.0
  [443, 280]  =  1.0
  [246, 281]  =  1.0
  [446, 281]  =  1.0
  [246, 282]  =  1.0
  [452, 282]  =  1.0
  [246, 283]  =  1.0
  [458, 283]  =  1.0
  [246, 284]  =  1.0
  [464, 284]  =  1.0
  [246, 285]  =  1.0
  [470, 285]  =  1.0
  [246, 286]  =  1.0
  [449, 286]  =  1.0
  [246, 287]  =  1.0
  [455, 287]  =  1.0
  [246, 288]  =  1.0
  [461, 288]  =  1.0
  [246, 289]  =  1.0
  [467, 289]  =  1.0
  [246, 290]  =  1.0
  [473, 290]  =  1.0
  [247, 291]  =  1.0
  [476, 291]  =  1.0
  [247, 292]  =  1.0
  [482, 292]  =  1.0
  [247, 293]  =  1.0
  [488, 293]  =  1.0
  [247, 294]  =  1.0
  [494, 294]  =  1.0
  [247, 295]  =  1.0
  [500, 295]  =  1.0
  [247, 296]  =  1.0
  [479, 296]  =  1.0
  [247, 297]  =  1.0
  [485, 297]  =  1.0
  [247, 298]  =  1.0
  [491, 298]  =  1.0
  [247, 299]  =  1.0
  [497, 299]  =  1.0
  [247, 300]  =  1.0
  [503, 300]  =  1.0
  [248, 301]  =  1.0
  [506, 301]  =  1.0
  [248, 302]  =  1.0
  [512, 302]  =  1.0
  [248, 303]  =  1.0
  [518, 303]  =  1.0
  [248, 304]  =  1.0
  [524, 304]  =  1.0
  [248, 305]  =  1.0
  [530, 305]  =  1.0
  [248, 306]  =  1.0
  [509, 306]  =  1.0
  [248, 307]  =  1.0
  [515, 307]  =  1.0
  [248, 308]  =  1.0
  [521, 308]  =  1.0
  [248, 309]  =  1.0
  [527, 309]  =  1.0
  [248, 310]  =  1.0
  [533, 310]  =  1.0
  [249, 311]  =  1.0
  [536, 311]  =  1.0
  [249, 312]  =  1.0
  [542, 312]  =  1.0
  [249, 313]  =  1.0
  [548, 313]  =  1.0
  [249, 314]  =  1.0
  [554, 314]  =  1.0
  [249, 315]  =  1.0
  [560, 315]  =  1.0
  [249, 316]  =  1.0
  [539, 316]  =  1.0
  [249, 317]  =  1.0
  [545, 317]  =  1.0
  [249, 318]  =  1.0
  [551, 318]  =  1.0
  [249, 319]  =  1.0
  [557, 319]  =  1.0
  [249, 320]  =  1.0
  [563, 320]  =  1.0
  [250, 321]  =  1.0
  [566, 321]  =  1.0
  [250, 322]  =  1.0
  [572, 322]  =  1.0
  [250, 323]  =  1.0
  [578, 323]  =  1.0
  [250, 324]  =  1.0
  [584, 324]  =  1.0
  [250, 325]  =  1.0
  [590, 325]  =  1.0
  [250, 326]  =  1.0
  [569, 326]  =  1.0
  [250, 327]  =  1.0
  [575, 327]  =  1.0
  [250, 328]  =  1.0
  [581, 328]  =  1.0
  [250, 329]  =  1.0
  [587, 329]  =  1.0
  [250, 330]  =  1.0
  [593, 330]  =  1.0
  [251, 331]  =  1.0
  [596, 331]  =  1.0
  [251, 332]  =  1.0
  [602, 332]  =  1.0
  [251, 333]  =  1.0
  [608, 333]  =  1.0
  [251, 334]  =  1.0
  [614, 334]  =  1.0
  [251, 335]  =  1.0
  [620, 335]  =  1.0
  [251, 336]  =  1.0
  [599, 336]  =  1.0
  [251, 337]  =  1.0
  [605, 337]  =  1.0
  [251, 338]  =  1.0
  [611, 338]  =  1.0
  [251, 339]  =  1.0
  [617, 339]  =  1.0
  [251, 340]  =  1.0
  [623, 340]  =  1.0
  [252, 341]  =  1.0
  [626, 341]  =  1.0
  [252, 342]  =  1.0
  [632, 342]  =  1.0
  [252, 343]  =  1.0
  [638, 343]  =  1.0
  [252, 344]  =  1.0
  [644, 344]  =  1.0
  [252, 345]  =  1.0
  [650, 345]  =  1.0
  [252, 346]  =  1.0
  [629, 346]  =  1.0
  [252, 347]  =  1.0
  [635, 347]  =  1.0
  [252, 348]  =  1.0
  [641, 348]  =  1.0
  [252, 349]  =  1.0
  [647, 349]  =  1.0
  [252, 350]  =  1.0
  [653, 350]  =  1.0
  [253, 351]  =  1.0
  [656, 351]  =  1.0
  [253, 352]  =  1.0
  [662, 352]  =  1.0
  [253, 353]  =  1.0
  [668, 353]  =  1.0
  [253, 354]  =  1.0
  [674, 354]  =  1.0
  [253, 355]  =  1.0
  [680, 355]  =  1.0
  [253, 356]  =  1.0
  [659, 356]  =  1.0
  [253, 357]  =  1.0
  [665, 357]  =  1.0
  [253, 358]  =  1.0
  [671, 358]  =  1.0
  [253, 359]  =  1.0
  [677, 359]  =  1.0
  [253, 360]  =  1.0
  [683, 360]  =  1.0, 
  [1  ,   1]  =  -0.238649
  [2  ,   1]  =  -0.00249397
  [3  ,   1]  =  -0.00705737
  [4  ,   1]  =  -0.00661527
  [5  ,   1]  =  -0.019127
  [1  ,   2]  =  -0.00249397
  [2  ,   2]  =  -0.424286
  [3  ,   2]  =  -0.0180298
  [4  ,   2]  =  -0.00937616
  [5  ,   2]  =  -0.0330525
  [1  ,   3]  =  -0.00705737
  [2  ,   3]  =  -0.0180298
  [3  ,   3]  =  -0.172452
  [4  ,   3]  =  -0.0112777
  [5  ,   3]  =  -0.0196907
  [1  ,   4]  =  -0.00661527
  [2  ,   4]  =  -0.00937616
  [3  ,   4]  =  -0.0112777
  [4  ,   4]  =  -0.32224
  [5  ,   4]  =  -0.0185636
  [1  ,   5]  =  -0.019127
  [2  ,   5]  =  -0.0330525
  [3  ,   5]  =  -0.0196907
  [4  ,   5]  =  -0.0185636
  [5  ,   5]  =  -0.333192
  [6  ,   6]  =  -0.195024
  [7  ,   6]  =  0.00209666
  [8  ,   6]  =  -0.00947123
  [9  ,   6]  =  0.000498389
  [10 ,   6]  =  -0.00230619
  [6  ,   7]  =  0.00209666
  [7  ,   7]  =  -0.171892
  [8  ,   7]  =  -0.00219708
  [9  ,   7]  =  -0.0127459
  [10 ,   7]  =  -0.00846529
  [6  ,   8]  =  -0.00947123
  [7  ,   8]  =  -0.00219708
  [8  ,   8]  =  -0.306932
  [9  ,   8]  =  -0.0168446
  [10 ,   8]  =  -0.0123981
  [6  ,   9]  =  0.000498389
  [7  ,   9]  =  -0.0127459
  [8  ,   9]  =  -0.0168446
  [9  ,   9]  =  -0.244276
  [10 ,   9]  =  -0.0332513
  [6  ,  10]  =  -0.00230619
  [7  ,  10]  =  -0.00846529
  [8  ,  10]  =  -0.0123981
  [9  ,  10]  =  -0.0332513
  [10 ,  10]  =  -0.345275
  [11 ,  11]  =  -0.442246
  [12 ,  11]  =  -0.0547827
  [13 ,  11]  =  -0.0260364
  [14 ,  11]  =  -0.040346
  [15 ,  11]  =  -0.0117916
  [11 ,  12]  =  -0.0547827
  [12 ,  12]  =  -0.429237
  [13 ,  12]  =  0.00955523
  [14 ,  12]  =  -0.0338338
  [15 ,  12]  =  -0.0232424
  [11 ,  13]  =  -0.0260364
  [12 ,  13]  =  0.00955523
  [13 ,  13]  =  -0.712472
  [14 ,  13]  =  -0.0259352
  [15 ,  13]  =  -0.0152993
  [11 ,  14]  =  -0.040346
  [12 ,  14]  =  -0.0338338
  [13 ,  14]  =  -0.0259352
  [14 ,  14]  =  -0.510696
  [15 ,  14]  =  -0.0196107
  [11 ,  15]  =  -0.0117916
  [12 ,  15]  =  -0.0232424
  [13 ,  15]  =  -0.0152993
  [14 ,  15]  =  -0.0196107
  [15 ,  15]  =  -0.188077
  [16 ,  16]  =  -0.246689
  [17 ,  16]  =  -0.00690657
  [18 ,  16]  =  -0.0253858
  [19 ,  16]  =  -0.0117842
  [20 ,  16]  =  -0.0109165
  [16 ,  17]  =  -0.00690657
  [17 ,  17]  =  -0.306011
  [18 ,  17]  =  -0.0167153
  [19 ,  17]  =  -0.0385952
  [20 ,  17]  =  -0.00533794
  [16 ,  18]  =  -0.0253858
  [17 ,  18]  =  -0.0167153
  [18 ,  18]  =  -0.224282
  [19 ,  18]  =  -0.0085638
  [20 ,  18]  =  0.00230309
  [16 ,  19]  =  -0.0117842
  [17 ,  19]  =  -0.0385952
  [18 ,  19]  =  -0.0085638
  [19 ,  19]  =  -0.335358
  [20 ,  19]  =  0.00233572
  [16 ,  20]  =  -0.0109165
  [17 ,  20]  =  -0.00533794
  [18 ,  20]  =  0.00230309
  [19 ,  20]  =  0.00233572
  [20 ,  20]  =  -0.188735
  [21 ,  21]  =  -0.200611
  [22 ,  21]  =  -0.00420303
  [23 ,  21]  =  -0.00852848
  [24 ,  21]  =  -0.000577692
  [25 ,  21]  =  -0.00753061
  [21 ,  22]  =  -0.00420303
  [22 ,  22]  =  -0.21135
  [23 ,  22]  =  0.00690282
  [24 ,  22]  =  -0.0151393
  [25 ,  22]  =  -0.00165401
  [21 ,  23]  =  -0.00852848
  [22 ,  23]  =  0.00690282
  [23 ,  23]  =  -0.320888
  [24 ,  23]  =  -0.0211218
  [25 ,  23]  =  -0.00582628
  [21 ,  24]  =  -0.000577692
  [22 ,  24]  =  -0.0151393
  [23 ,  24]  =  -0.0211218
  [24 ,  24]  =  -0.196874
  [25 ,  24]  =  -0.0109834
  [21 ,  25]  =  -0.00753061
  [22 ,  25]  =  -0.00165401
  [23 ,  25]  =  -0.00582628
  [24 ,  25]  =  -0.0109834
  [25 ,  25]  =  -0.584056
  [26 ,  26]  =  -0.377881
  [27 ,  26]  =  -0.0297333
  [28 ,  26]  =  -0.0128279
  [29 ,  26]  =  -0.00636074
  [30 ,  26]  =  -0.0208299
  [26 ,  27]  =  -0.0297333
  [27 ,  27]  =  -0.412251
  [28 ,  27]  =  -0.00384693
  [29 ,  27]  =  -0.0295636
  [30 ,  27]  =  -0.0137312
  [26 ,  28]  =  -0.0128279
  [27 ,  28]  =  -0.00384693
  [28 ,  28]  =  -0.235246
  [29 ,  28]  =  -0.024626
  [30 ,  28]  =  0.0101287
  [26 ,  29]  =  -0.00636074
  [27 ,  29]  =  -0.0295636
  [28 ,  29]  =  -0.024626
  [29 ,  29]  =  -0.816156
  [30 ,  29]  =  -0.0251659
  [26 ,  30]  =  -0.0208299
  [27 ,  30]  =  -0.0137312
  [28 ,  30]  =  0.0101287
  [29 ,  30]  =  -0.0251659
  [30 ,  30]  =  -0.361015
  [31 ,  31]  =  -0.260318
  [32 ,  31]  =  0.00837456
  [33 ,  31]  =  -0.0140509
  [34 ,  31]  =  -0.0174014
  [35 ,  31]  =  -0.00468443
  [31 ,  32]  =  0.00837456
  [32 ,  32]  =  -2.05188
  [33 ,  32]  =  -0.0226177
  [34 ,  32]  =  0.00484207
  [35 ,  32]  =  0.00132756
  [31 ,  33]  =  -0.0140509
  [32 ,  33]  =  -0.0226177
  [33 ,  33]  =  -0.267889
  [34 ,  33]  =  -0.0232042
  [35 ,  33]  =  -0.0111524
  [31 ,  34]  =  -0.0174014
  [32 ,  34]  =  0.00484207
  [33 ,  34]  =  -0.0232042
  [34 ,  34]  =  -0.335963
  [35 ,  34]  =  -0.0168604
  [31 ,  35]  =  -0.00468443
  [32 ,  35]  =  0.00132756
  [33 ,  35]  =  -0.0111524
  [34 ,  35]  =  -0.0168604
  [35 ,  35]  =  -0.181024
  [36 ,  36]  =  -0.207407
  [37 ,  36]  =  -0.0110107
  [38 ,  36]  =  -0.0033361
  [39 ,  36]  =  -0.00224675
  [40 ,  36]  =  0.0124518
  [36 ,  37]  =  -0.0110107
  [37 ,  37]  =  -0.188585
  [38 ,  37]  =  -0.0184585
  [39 ,  37]  =  -0.00992618
  [40 ,  37]  =  -0.00566304
  [36 ,  38]  =  -0.0033361
  [37 ,  38]  =  -0.0184585
  [38 ,  38]  =  -0.452756
  [39 ,  38]  =  -0.00371281
  [40 ,  38]  =  -0.00699413
  [36 ,  39]  =  -0.00224675
  [37 ,  39]  =  -0.00992618
  [38 ,  39]  =  -0.00371281
  [39 ,  39]  =  -0.12879
  [40 ,  39]  =  -0.00808415
  [36 ,  40]  =  0.0124518
  [37 ,  40]  =  -0.00566304
  [38 ,  40]  =  -0.00699413
  [39 ,  40]  =  -0.00808415
  [40 ,  40]  =  -0.297808
  [41 ,  41]  =  -0.345526
  [42 ,  41]  =  -0.0222332
  [43 ,  41]  =  -0.00660236
  [44 ,  41]  =  0.00140168
  [45 ,  41]  =  0.00206696
  [41 ,  42]  =  -0.0222332
  [42 ,  42]  =  -0.3042
  [43 ,  42]  =  -0.0205788
  [44 ,  42]  =  -0.0106131
  [45 ,  42]  =  -0.0193134
  [41 ,  43]  =  -0.00660236
  [42 ,  43]  =  -0.0205788
  [43 ,  43]  =  -0.231891
  [44 ,  43]  =  -0.0215351
  [45 ,  43]  =  -0.0131264
  [41 ,  44]  =  0.00140168
  [42 ,  44]  =  -0.0106131
  [43 ,  44]  =  -0.0215351
  [44 ,  44]  =  -0.174711
  [45 ,  44]  =  -0.0368224
  [41 ,  45]  =  0.00206696
  [42 ,  45]  =  -0.0193134
  [43 ,  45]  =  -0.0131264
  [44 ,  45]  =  -0.0368224
  [45 ,  45]  =  -0.30342
  [46 ,  46]  =  -0.499265
  [47 ,  46]  =  -0.00642983
  [48 ,  46]  =  -0.0521206
  [49 ,  46]  =  -0.0108433
  [50 ,  46]  =  -0.0222368
  [46 ,  47]  =  -0.00642983
  [47 ,  47]  =  -0.213962
  [48 ,  47]  =  -0.0160651
  [49 ,  47]  =  0.00282333
  [50 ,  47]  =  -0.0243317
  [46 ,  48]  =  -0.0521206
  [47 ,  48]  =  -0.0160651
  [48 ,  48]  =  -0.579406
  [49 ,  48]  =  -0.018345
  [50 ,  48]  =  -0.0276705
  [46 ,  49]  =  -0.0108433
  [47 ,  49]  =  0.00282333
  [48 ,  49]  =  -0.018345
  [49 ,  49]  =  -0.326096
  [50 ,  49]  =  -0.00846853
  [46 ,  50]  =  -0.0222368
  [47 ,  50]  =  -0.0243317
  [48 ,  50]  =  -0.0276705
  [49 ,  50]  =  -0.00846853
  [50 ,  50]  =  -0.316058
  [51 ,  51]  =  -0.157561
  [52 ,  51]  =  -0.00237935
  [53 ,  51]  =  -0.0156661
  [54 ,  51]  =  -0.0103301
  [55 ,  51]  =  -0.0065601
  [51 ,  52]  =  -0.00237935
  [52 ,  52]  =  -0.116037
  [53 ,  52]  =  -0.013796
  [54 ,  52]  =  -0.0104094
  [55 ,  52]  =  -0.00625641
  [51 ,  53]  =  -0.0156661
  [52 ,  53]  =  -0.013796
  [53 ,  53]  =  -0.162617
  [54 ,  53]  =  -0.0361096
  [55 ,  53]  =  -0.0118602
  [51 ,  54]  =  -0.0103301
  [52 ,  54]  =  -0.0104094
  [53 ,  54]  =  -0.0361096
  [54 ,  54]  =  -0.234083
  [55 ,  54]  =  -0.0129125
  [51 ,  55]  =  -0.0065601
  [52 ,  55]  =  -0.00625641
  [53 ,  55]  =  -0.0118602
  [54 ,  55]  =  -0.0129125
  [55 ,  55]  =  -0.197198
  [56 ,  56]  =  -0.238114
  [57 ,  56]  =  -0.0263798
  [58 ,  56]  =  0.00524183
  [59 ,  56]  =  -0.0143591
  [60 ,  56]  =  0.000616685
  [56 ,  57]  =  -0.0263798
  [57 ,  57]  =  -0.785659
  [58 ,  57]  =  -0.0121423
  [59 ,  57]  =  -0.00907266
  [60 ,  57]  =  -0.0451332
  [56 ,  58]  =  0.00524183
  [57 ,  58]  =  -0.0121423
  [58 ,  58]  =  -0.171946
  [59 ,  58]  =  -0.0118356
  [60 ,  58]  =  -0.000506801
  [56 ,  59]  =  -0.0143591
  [57 ,  59]  =  -0.00907266
  [58 ,  59]  =  -0.0118356
  [59 ,  59]  =  -0.291319
  [60 ,  59]  =  -0.0282412
  [56 ,  60]  =  0.000616685
  [57 ,  60]  =  -0.0451332
  [58 ,  60]  =  -0.000506801
  [59 ,  60]  =  -0.0282412
  [60 ,  60]  =  -0.388765
  [61 ,  61]  =  -0.163584
  [62 ,  61]  =  -0.0137616
  [63 ,  61]  =  -0.00361128
  [64 ,  61]  =  -0.0122945
  [65 ,  61]  =  -0.0281663
  [61 ,  62]  =  -0.0137616
  [62 ,  62]  =  -6.8535
  [63 ,  62]  =  -0.00805817
  [64 ,  62]  =  0.0199242
  [65 ,  62]  =  0.00452302
  [61 ,  63]  =  -0.00361128
  [62 ,  63]  =  -0.00805817
  [63 ,  63]  =  -0.0990736
  [64 ,  63]  =  -0.00375787
  [65 ,  63]  =  0.000738838
  [61 ,  64]  =  -0.0122945
  [62 ,  64]  =  0.0199242
  [63 ,  64]  =  -0.00375787
  [64 ,  64]  =  -0.277466
  [65 ,  64]  =  0.00677296
  [61 ,  65]  =  -0.0281663
  [62 ,  65]  =  0.00452302
  [63 ,  65]  =  0.000738838
  [64 ,  65]  =  0.00677296
  [65 ,  65]  =  -1.12539
  [66 ,  66]  =  -0.0896871
  [67 ,  66]  =  -0.0163008
  [68 ,  66]  =  -0.00987211
  [69 ,  66]  =  -0.0137777
  [70 ,  66]  =  -0.0120859
  [66 ,  67]  =  -0.0163008
  [67 ,  67]  =  -0.133181
  [68 ,  67]  =  0.000786919
  [69 ,  67]  =  -0.019878
  [70 ,  67]  =  -0.00839831
  [66 ,  68]  =  -0.00987211
  [67 ,  68]  =  0.000786919
  [68 ,  68]  =  -0.18367
  [69 ,  68]  =  -0.0100612
  [70 ,  68]  =  -0.0189265
  [66 ,  69]  =  -0.0137777
  [67 ,  69]  =  -0.019878
  [68 ,  69]  =  -0.0100612
  [69 ,  69]  =  -0.202292
  [70 ,  69]  =  -0.009901
  [66 ,  70]  =  -0.0120859
  [67 ,  70]  =  -0.00839831
  [68 ,  70]  =  -0.0189265
  [69 ,  70]  =  -0.009901
  [70 ,  70]  =  -0.171728
  [71 ,  71]  =  -0.193073
  [72 ,  71]  =  0.000245613
  [73 ,  71]  =  -0.00859998
  [74 ,  71]  =  -0.00227183
  [75 ,  71]  =  -0.0102286
  [71 ,  72]  =  0.000245613
  [72 ,  72]  =  -0.448906
  [73 ,  72]  =  -0.00276004
  [74 ,  72]  =  -0.00735786
  [75 ,  72]  =  -0.018988
  [71 ,  73]  =  -0.00859998
  [72 ,  73]  =  -0.00276004
  [73 ,  73]  =  -0.187214
  [74 ,  73]  =  -0.00356803
  [75 ,  73]  =  -0.00894263
  [71 ,  74]  =  -0.00227183
  [72 ,  74]  =  -0.00735786
  [73 ,  74]  =  -0.00356803
  [74 ,  74]  =  -0.0971905
  [75 ,  74]  =  -0.00327894
  [71 ,  75]  =  -0.0102286
  [72 ,  75]  =  -0.018988
  [73 ,  75]  =  -0.00894263
  [74 ,  75]  =  -0.00327894
  [75 ,  75]  =  -0.187874
  [76 ,  76]  =  -0.173584
  [77 ,  76]  =  0.00421102
  [78 ,  76]  =  -0.00769526
  [79 ,  76]  =  0.00273652
  [80 ,  76]  =  -0.0122357
  [76 ,  77]  =  0.00421102
  [77 ,  77]  =  -0.435266
  [78 ,  77]  =  0.00990425
  [79 ,  77]  =  -0.0169335
  [80 ,  77]  =  -0.0273521
  [76 ,  78]  =  -0.00769526
  [77 ,  78]  =  0.00990425
  [78 ,  78]  =  -0.118785
  [79 ,  78]  =  0.00154367
  [80 ,  78]  =  -0.00586118
  [76 ,  79]  =  0.00273652
  [77 ,  79]  =  -0.0169335
  [78 ,  79]  =  0.00154367
  [79 ,  79]  =  -1.01114
  [80 ,  79]  =  -0.0219475
  [76 ,  80]  =  -0.0122357
  [77 ,  80]  =  -0.0273521
  [78 ,  80]  =  -0.00586118
  [79 ,  80]  =  -0.0219475
  [80 ,  80]  =  -0.592707
  [81 ,  81]  =  -0.231023
  [82 ,  81]  =  0.00117394
  [83 ,  81]  =  -0.00430244
  [84 ,  81]  =  -0.0225311
  [85 ,  81]  =  -0.0219249
  [81 ,  82]  =  0.00117394
  [82 ,  82]  =  -0.963296
  [83 ,  82]  =  -0.00759039
  [84 ,  82]  =  0.000797724
  [85 ,  82]  =  -0.00854154
  [81 ,  83]  =  -0.00430244
  [82 ,  83]  =  -0.00759039
  [83 ,  83]  =  -0.184545
  [84 ,  83]  =  -0.00798069
  [85 ,  83]  =  -0.00149672
  [81 ,  84]  =  -0.0225311
  [82 ,  84]  =  0.000797724
  [83 ,  84]  =  -0.00798069
  [84 ,  84]  =  -0.283996
  [85 ,  84]  =  -0.00754837
  [81 ,  85]  =  -0.0219249
  [82 ,  85]  =  -0.00854154
  [83 ,  85]  =  -0.00149672
  [84 ,  85]  =  -0.00754837
  [85 ,  85]  =  -0.186032
  [86 ,  86]  =  -0.14982
  [87 ,  86]  =  -0.00935354
  [88 ,  86]  =  -0.00265775
  [89 ,  86]  =  -0.0125351
  [90 ,  86]  =  -0.0228402
  [86 ,  87]  =  -0.00935354
  [87 ,  87]  =  -0.157709
  [88 ,  87]  =  0.00130221
  [89 ,  87]  =  -0.0143782
  [90 ,  87]  =  -0.0188128
  [86 ,  88]  =  -0.00265775
  [87 ,  88]  =  0.00130221
  [88 ,  88]  =  -0.281011
  [89 ,  88]  =  0.00789463
  [90 ,  88]  =  0.00247512
  [86 ,  89]  =  -0.0125351
  [87 ,  89]  =  -0.0143782
  [88 ,  89]  =  0.00789463
  [89 ,  89]  =  -0.244647
  [90 ,  89]  =  0.00876389
  [86 ,  90]  =  -0.0228402
  [87 ,  90]  =  -0.0188128
  [88 ,  90]  =  0.00247512
  [89 ,  90]  =  0.00876389
  [90 ,  90]  =  -0.569836
  [91 ,  91]  =  -0.28799
  [92 ,  91]  =  -0.00876547
  [93 ,  91]  =  0.00556826
  [94 ,  91]  =  -0.0176385
  [95 ,  91]  =  -0.0290636
  [91 ,  92]  =  -0.00876547
  [92 ,  92]  =  -0.362776
  [93 ,  92]  =  -0.0103337
  [94 ,  92]  =  0.00768852
  [95 ,  92]  =  -0.00195758
  [91 ,  93]  =  0.00556826
  [92 ,  93]  =  -0.0103337
  [93 ,  93]  =  -0.123738
  [94 ,  93]  =  -0.0118421
  [95 ,  93]  =  0.0117566
  [91 ,  94]  =  -0.0176385
  [92 ,  94]  =  0.00768852
  [93 ,  94]  =  -0.0118421
  [94 ,  94]  =  -0.266064
  [95 ,  94]  =  -0.0526021
  [91 ,  95]  =  -0.0290636
  [92 ,  95]  =  -0.00195758
  [93 ,  95]  =  0.0117566
  [94 ,  95]  =  -0.0526021
  [95 ,  95]  =  -1.96526
  [96 ,  96]  =  -0.303278
  [97 ,  96]  =  -0.0164763
  [98 ,  96]  =  -0.00912737
  [99 ,  96]  =  0.000693253
  [100,  96]  =  -0.0136045
  [96 ,  97]  =  -0.0164763
  [97 ,  97]  =  -0.161533
  [98 ,  97]  =  0.00293683
  [99 ,  97]  =  0.00192021
  [100,  97]  =  0.00626618
  [96 ,  98]  =  -0.00912737
  [97 ,  98]  =  0.00293683
  [98 ,  98]  =  -0.289883
  [99 ,  98]  =  0.00139838
  [100,  98]  =  -0.00429337
  [96 ,  99]  =  0.000693253
  [97 ,  99]  =  0.00192021
  [98 ,  99]  =  0.00139838
  [99 ,  99]  =  -0.348054
  [100,  99]  =  -0.0142555
  [96 , 100]  =  -0.0136045
  [97 , 100]  =  0.00626618
  [98 , 100]  =  -0.00429337
  [99 , 100]  =  -0.0142555
  [100, 100]  =  -0.390819
  [101, 101]  =  -0.249079
  [102, 101]  =  -0.0228158
  [103, 101]  =  -0.0267523
  [104, 101]  =  -0.0336793
  [105, 101]  =  -0.0171112
  [101, 102]  =  -0.0228158
  [102, 102]  =  -0.268828
  [103, 102]  =  -0.0123667
  [104, 102]  =  -0.0207043
  [105, 102]  =  -0.0145201
  [101, 103]  =  -0.0267523
  [102, 103]  =  -0.0123667
  [103, 103]  =  -0.30565
  [104, 103]  =  -0.0299472
  [105, 103]  =  -0.0319471
  [101, 104]  =  -0.0336793
  [102, 104]  =  -0.0207043
  [103, 104]  =  -0.0299472
  [104, 104]  =  -0.292681
  [105, 104]  =  -0.0117317
  [101, 105]  =  -0.0171112
  [102, 105]  =  -0.0145201
  [103, 105]  =  -0.0319471
  [104, 105]  =  -0.0117317
  [105, 105]  =  -0.355942
  [106, 106]  =  -0.372302
  [107, 106]  =  -0.00863879
  [108, 106]  =  0.00186317
  [109, 106]  =  -0.0168392
  [110, 106]  =  -0.00382634
  [106, 107]  =  -0.00863879
  [107, 107]  =  -0.234112
  [108, 107]  =  -0.0303055
  [109, 107]  =  -0.0298157
  [110, 107]  =  -0.030492
  [106, 108]  =  0.00186317
  [107, 108]  =  -0.0303055
  [108, 108]  =  -0.22658
  [109, 108]  =  0.001419
  [110, 108]  =  -0.0138589
  [106, 109]  =  -0.0168392
  [107, 109]  =  -0.0298157
  [108, 109]  =  0.001419
  [109, 109]  =  -0.337836
  [110, 109]  =  -0.0315988
  [106, 110]  =  -0.00382634
  [107, 110]  =  -0.030492
  [108, 110]  =  -0.0138589
  [109, 110]  =  -0.0315988
  [110, 110]  =  -0.202317
  [111, 111]  =  -0.33873
  [112, 111]  =  -0.0100485
  [113, 111]  =  -0.0418781
  [114, 111]  =  -0.0322405
  [115, 111]  =  -0.0172222
  [111, 112]  =  -0.0100485
  [112, 112]  =  -0.837993
  [113, 112]  =  -0.00773677
  [114, 112]  =  -0.0355402
  [115, 112]  =  -0.000651888
  [111, 113]  =  -0.0418781
  [112, 113]  =  -0.00773677
  [113, 113]  =  -0.266305
  [114, 113]  =  -0.0119102
  [115, 113]  =  -0.0257573
  [111, 114]  =  -0.0322405
  [112, 114]  =  -0.0355402
  [113, 114]  =  -0.0119102
  [114, 114]  =  -0.384222
  [115, 114]  =  -0.0224497
  [111, 115]  =  -0.0172222
  [112, 115]  =  -0.000651888
  [113, 115]  =  -0.0257573
  [114, 115]  =  -0.0224497
  [115, 115]  =  -0.256125
  [116, 116]  =  -0.540975
  [117, 116]  =  -0.0338319
  [118, 116]  =  -0.0254311
  [119, 116]  =  -0.000657758
  [120, 116]  =  -0.0205985
  [116, 117]  =  -0.0338319
  [117, 117]  =  -0.469947
  [118, 117]  =  0.00786767
  [119, 117]  =  -0.00474408
  [120, 117]  =  -0.0128559
  [116, 118]  =  -0.0254311
  [117, 118]  =  0.00786767
  [118, 118]  =  -0.350029
  [119, 118]  =  -0.000753406
  [120, 118]  =  -0.0167199
  [116, 119]  =  -0.000657758
  [117, 119]  =  -0.00474408
  [118, 119]  =  -0.000753406
  [119, 119]  =  -0.726744
  [120, 119]  =  -0.0242248
  [116, 120]  =  -0.0205985
  [117, 120]  =  -0.0128559
  [118, 120]  =  -0.0167199
  [119, 120]  =  -0.0242248
  [120, 120]  =  -0.238075
  [1  , 121]  =  1.0
  [2  , 122]  =  1.0
  [3  , 123]  =  1.0
  [4  , 124]  =  1.0
  [5  , 125]  =  1.0
  [6  , 126]  =  1.0
  [7  , 127]  =  1.0
  [8  , 128]  =  1.0
  [9  , 129]  =  1.0
  [10 , 130]  =  1.0
  [11 , 131]  =  1.0
  [12 , 132]  =  1.0
  [13 , 133]  =  1.0
  [14 , 134]  =  1.0
  [15 , 135]  =  1.0
  [16 , 136]  =  1.0
  [17 , 137]  =  1.0
  [18 , 138]  =  1.0
  [19 , 139]  =  1.0
  [20 , 140]  =  1.0
  [21 , 141]  =  1.0
  [22 , 142]  =  1.0
  [23 , 143]  =  1.0
  [24 , 144]  =  1.0
  [25 , 145]  =  1.0
  [26 , 146]  =  1.0
  [27 , 147]  =  1.0
  [28 , 148]  =  1.0
  [29 , 149]  =  1.0
  [30 , 150]  =  1.0
  [31 , 151]  =  1.0
  [32 , 152]  =  1.0
  [33 , 153]  =  1.0
  [34 , 154]  =  1.0
  [35 , 155]  =  1.0
  [36 , 156]  =  1.0
  [37 , 157]  =  1.0
  [38 , 158]  =  1.0
  [39 , 159]  =  1.0
  [40 , 160]  =  1.0
  [41 , 161]  =  1.0
  [42 , 162]  =  1.0
  [43 , 163]  =  1.0
  [44 , 164]  =  1.0
  [45 , 165]  =  1.0
  [46 , 166]  =  1.0
  [47 , 167]  =  1.0
  [48 , 168]  =  1.0
  [49 , 169]  =  1.0
  [50 , 170]  =  1.0
  [51 , 171]  =  1.0
  [52 , 172]  =  1.0
  [53 , 173]  =  1.0
  [54 , 174]  =  1.0
  [55 , 175]  =  1.0
  [56 , 176]  =  1.0
  [57 , 177]  =  1.0
  [58 , 178]  =  1.0
  [59 , 179]  =  1.0
  [60 , 180]  =  1.0
  [61 , 181]  =  1.0
  [62 , 182]  =  1.0
  [63 , 183]  =  1.0
  [64 , 184]  =  1.0
  [65 , 185]  =  1.0
  [66 , 186]  =  1.0
  [67 , 187]  =  1.0
  [68 , 188]  =  1.0
  [69 , 189]  =  1.0
  [70 , 190]  =  1.0
  [71 , 191]  =  1.0
  [72 , 192]  =  1.0
  [73 , 193]  =  1.0
  [74 , 194]  =  1.0
  [75 , 195]  =  1.0
  [76 , 196]  =  1.0
  [77 , 197]  =  1.0
  [78 , 198]  =  1.0
  [79 , 199]  =  1.0
  [80 , 200]  =  1.0
  [81 , 201]  =  1.0
  [82 , 202]  =  1.0
  [83 , 203]  =  1.0
  [84 , 204]  =  1.0
  [85 , 205]  =  1.0
  [86 , 206]  =  1.0
  [87 , 207]  =  1.0
  [88 , 208]  =  1.0
  [89 , 209]  =  1.0
  [90 , 210]  =  1.0
  [91 , 211]  =  1.0
  [92 , 212]  =  1.0
  [93 , 213]  =  1.0
  [94 , 214]  =  1.0
  [95 , 215]  =  1.0
  [96 , 216]  =  1.0
  [97 , 217]  =  1.0
  [98 , 218]  =  1.0
  [99 , 219]  =  1.0
  [100, 220]  =  1.0
  [101, 221]  =  1.0
  [102, 222]  =  1.0
  [103, 223]  =  1.0
  [104, 224]  =  1.0
  [105, 225]  =  1.0
  [106, 226]  =  1.0
  [107, 227]  =  1.0
  [108, 228]  =  1.0
  [109, 229]  =  1.0
  [110, 230]  =  1.0
  [111, 231]  =  1.0
  [112, 232]  =  1.0
  [113, 233]  =  1.0
  [114, 234]  =  1.0
  [115, 235]  =  1.0
  [116, 236]  =  1.0
  [117, 237]  =  1.0
  [118, 238]  =  1.0
  [119, 239]  =  1.0
