#SOLVERNAME# ECOS
#SOLVER# ECOS.ECOSSolver(Any[(:verbose, true)])
#INSTANCE# _1.499548884688431e9.cbf.gz
#TIMELIMIT# 300.0
#ERROR# MethodError(MathProgBase.SolverInterface.getsolvetime, (ECOS.ECOSMathProgModel(330, 592, 592, 120, 244, 3, [26, 26, 26], 90, 
  [1  ,   1]  =  -1.0
  [121,   1]  =  1.0
  [122,   1]  =  1.0
  [2  ,   2]  =  -1.0
  [121,   2]  =  1.0
  [123,   2]  =  1.0
  [3  ,   3]  =  -1.0
  [121,   3]  =  1.0
  [124,   3]  =  1.0
  [4  ,   4]  =  -1.0
  [121,   4]  =  1.0
  [125,   4]  =  1.0
  [5  ,   5]  =  -1.0
  [121,   5]  =  1.0
  [126,   5]  =  1.0
  [6  ,   6]  =  -1.0
  [121,   6]  =  1.0
  [127,   6]  =  1.0
  [7  ,   7]  =  -1.0
  [121,   7]  =  1.0
  [128,   7]  =  1.0
  [8  ,   8]  =  -1.0
  [121,   8]  =  1.0
  [129,   8]  =  1.0
  [9  ,   9]  =  -1.0
  [121,   9]  =  1.0
  [130,   9]  =  1.0
  [10 ,  10]  =  -1.0
  [121,  10]  =  1.0
  [131,  10]  =  1.0
  [11 ,  11]  =  -1.0
  [121,  11]  =  1.0
  [132,  11]  =  1.0
  [12 ,  12]  =  -1.0
  [121,  12]  =  1.0
  [133,  12]  =  1.0
  [13 ,  13]  =  -1.0
  [121,  13]  =  1.0
  [134,  13]  =  1.0
  [14 ,  14]  =  -1.0
  [121,  14]  =  1.0
  [135,  14]  =  1.0
  [15 ,  15]  =  -1.0
  [121,  15]  =  1.0
  [136,  15]  =  1.0
  [16 ,  16]  =  -1.0
  [121,  16]  =  1.0
  [137,  16]  =  1.0
  [17 ,  17]  =  -1.0
  [121,  17]  =  1.0
  [138,  17]  =  1.0
  [18 ,  18]  =  -1.0
  [121,  18]  =  1.0
  [139,  18]  =  1.0
  [19 ,  19]  =  -1.0
  [121,  19]  =  1.0
  [140,  19]  =  1.0
  [20 ,  20]  =  -1.0
  [121,  20]  =  1.0
  [141,  20]  =  1.0
  [21 ,  21]  =  -1.0
  [121,  21]  =  1.0
  [142,  21]  =  1.0
  [22 ,  22]  =  -1.0
  [121,  22]  =  1.0
  [143,  22]  =  1.0
  [23 ,  23]  =  -1.0
  [121,  23]  =  1.0
  [144,  23]  =  1.0
  [24 ,  24]  =  -1.0
  [121,  24]  =  1.0
  [145,  24]  =  1.0
  [25 ,  25]  =  -1.0
  [121,  25]  =  1.0
  [146,  25]  =  1.0
  [26 ,  26]  =  -1.0
  [121,  26]  =  1.0
  [147,  26]  =  1.0
  [27 ,  27]  =  -1.0
  [121,  27]  =  1.0
  [148,  27]  =  1.0
  [28 ,  28]  =  -1.0
  [121,  28]  =  1.0
  [149,  28]  =  1.0
  [29 ,  29]  =  -1.0
  [121,  29]  =  1.0
  [150,  29]  =  1.0
  [30 ,  30]  =  -1.0
  [121,  30]  =  1.0
  [151,  30]  =  1.0
  [31 ,  31]  =  -1.0
  [121,  31]  =  1.0
  [152,  31]  =  1.0
  [32 ,  32]  =  -1.0
  [121,  32]  =  1.0
  [153,  32]  =  1.0
  [33 ,  33]  =  -1.0
  [121,  33]  =  1.0
  [154,  33]  =  1.0
  [34 ,  34]  =  -1.0
  [121,  34]  =  1.0
  [155,  34]  =  1.0
  [35 ,  35]  =  -1.0
  [121,  35]  =  1.0
  [156,  35]  =  1.0
  [36 ,  36]  =  -1.0
  [121,  36]  =  1.0
  [157,  36]  =  1.0
  [37 ,  37]  =  -1.0
  [121,  37]  =  1.0
  [158,  37]  =  1.0
  [38 ,  38]  =  -1.0
  [121,  38]  =  1.0
  [159,  38]  =  1.0
  [39 ,  39]  =  -1.0
  [121,  39]  =  1.0
  [160,  39]  =  1.0
  [40 ,  40]  =  -1.0
  [121,  40]  =  1.0
  [161,  40]  =  1.0
  [41 ,  41]  =  -1.0
  [121,  41]  =  1.0
  [162,  41]  =  1.0
  [42 ,  42]  =  -1.0
  [121,  42]  =  1.0
  [163,  42]  =  1.0
  [43 ,  43]  =  -1.0
  [121,  43]  =  1.0
  [164,  43]  =  1.0
  [44 ,  44]  =  -1.0
  [121,  44]  =  1.0
  [165,  44]  =  1.0
  [45 ,  45]  =  -1.0
  [121,  45]  =  1.0
  [166,  45]  =  1.0
  [46 ,  46]  =  -1.0
  [121,  46]  =  1.0
  [167,  46]  =  1.0
  [47 ,  47]  =  -1.0
  [121,  47]  =  1.0
  [168,  47]  =  1.0
  [48 ,  48]  =  -1.0
  [121,  48]  =  1.0
  [169,  48]  =  1.0
  [49 ,  49]  =  -1.0
  [121,  49]  =  1.0
  [170,  49]  =  1.0
  [50 ,  50]  =  -1.0
  [121,  50]  =  1.0
  [171,  50]  =  1.0
  [51 ,  51]  =  -1.0
  [121,  51]  =  1.0
  [172,  51]  =  1.0
  [52 ,  52]  =  -1.0
  [121,  52]  =  1.0
  [173,  52]  =  1.0
  [53 ,  53]  =  -1.0
  [121,  53]  =  1.0
  [174,  53]  =  1.0
  [54 ,  54]  =  -1.0
  [121,  54]  =  1.0
  [175,  54]  =  1.0
  [55 ,  55]  =  -1.0
  [121,  55]  =  1.0
  [176,  55]  =  1.0
  [56 ,  56]  =  -1.0
  [121,  56]  =  1.0
  [177,  56]  =  1.0
  [57 ,  57]  =  -1.0
  [121,  57]  =  1.0
  [178,  57]  =  1.0
  [58 ,  58]  =  -1.0
  [121,  58]  =  1.0
  [179,  58]  =  1.0
  [59 ,  59]  =  -1.0
  [121,  59]  =  1.0
  [180,  59]  =  1.0
  [60 ,  60]  =  -1.0
  [121,  60]  =  1.0
  [181,  60]  =  1.0
  [61 ,  61]  =  -1.0
  [121,  61]  =  1.0
  [182,  61]  =  1.0
  [62 ,  62]  =  -1.0
  [121,  62]  =  1.0
  [183,  62]  =  1.0
  [63 ,  63]  =  -1.0
  [121,  63]  =  1.0
  [184,  63]  =  1.0
  [64 ,  64]  =  -1.0
  [121,  64]  =  1.0
  [185,  64]  =  1.0
  [65 ,  65]  =  -1.0
  [121,  65]  =  1.0
  [186,  65]  =  1.0
  [66 ,  66]  =  -1.0
  [121,  66]  =  1.0
  [187,  66]  =  1.0
  [67 ,  67]  =  -1.0
  [121,  67]  =  1.0
  [188,  67]  =  1.0
  [68 ,  68]  =  -1.0
  [121,  68]  =  1.0
  [189,  68]  =  1.0
  [69 ,  69]  =  -1.0
  [121,  69]  =  1.0
  [190,  69]  =  1.0
  [70 ,  70]  =  -1.0
  [121,  70]  =  1.0
  [191,  70]  =  1.0
  [71 ,  71]  =  -1.0
  [121,  71]  =  1.0
  [192,  71]  =  1.0
  [72 ,  72]  =  -1.0
  [121,  72]  =  1.0
  [193,  72]  =  1.0
  [73 ,  73]  =  -1.0
  [121,  73]  =  1.0
  [194,  73]  =  1.0
  [74 ,  74]  =  -1.0
  [121,  74]  =  1.0
  [195,  74]  =  1.0
  [75 ,  75]  =  -1.0
  [121,  75]  =  1.0
  [196,  75]  =  1.0
  [76 ,  76]  =  -1.0
  [121,  76]  =  1.0
  [197,  76]  =  1.0
  [77 ,  77]  =  -1.0
  [121,  77]  =  1.0
  [198,  77]  =  1.0
  [78 ,  78]  =  -1.0
  [121,  78]  =  1.0
  [199,  78]  =  1.0
  [79 ,  79]  =  -1.0
  [121,  79]  =  1.0
  [200,  79]  =  1.0
  [80 ,  80]  =  -1.0
  [121,  80]  =  1.0
  [201,  80]  =  1.0
  [81 ,  81]  =  -1.0
  [121,  81]  =  1.0
  [202,  81]  =  1.0
  [82 ,  82]  =  -1.0
  [121,  82]  =  1.0
  [203,  82]  =  1.0
  [83 ,  83]  =  -1.0
  [121,  83]  =  1.0
  [204,  83]  =  1.0
  [84 ,  84]  =  -1.0
  [121,  84]  =  1.0
  [205,  84]  =  1.0
  [85 ,  85]  =  -1.0
  [121,  85]  =  1.0
  [206,  85]  =  1.0
  [86 ,  86]  =  -1.0
  [121,  86]  =  1.0
  [207,  86]  =  1.0
  [87 ,  87]  =  -1.0
  [121,  87]  =  1.0
  [208,  87]  =  1.0
  [88 ,  88]  =  -1.0
  [121,  88]  =  1.0
  [209,  88]  =  1.0
  [89 ,  89]  =  -1.0
  [121,  89]  =  1.0
  [210,  89]  =  1.0
  [90 ,  90]  =  -1.0
  [121,  90]  =  1.0
  [211,  90]  =  1.0
  [91 ,  91]  =  -1.0
  [121,  91]  =  1.0
  [212,  91]  =  1.0
  [92 ,  92]  =  -1.0
  [121,  92]  =  1.0
  [213,  92]  =  1.0
  [93 ,  93]  =  -1.0
  [121,  93]  =  1.0
  [214,  93]  =  1.0
  [94 ,  94]  =  -1.0
  [121,  94]  =  1.0
  [215,  94]  =  1.0
  [95 ,  95]  =  -1.0
  [121,  95]  =  1.0
  [216,  95]  =  1.0
  [96 ,  96]  =  -1.0
  [121,  96]  =  1.0
  [217,  96]  =  1.0
  [97 ,  97]  =  -1.0
  [121,  97]  =  1.0
  [218,  97]  =  1.0
  [98 ,  98]  =  -1.0
  [121,  98]  =  1.0
  [219,  98]  =  1.0
  [99 ,  99]  =  -1.0
  [121,  99]  =  1.0
  [220,  99]  =  1.0
  [100, 100]  =  -1.0
  [121, 100]  =  1.0
  [221, 100]  =  1.0
  [101, 101]  =  -1.0
  [121, 101]  =  1.0
  [222, 101]  =  1.0
  [102, 102]  =  -1.0
  [121, 102]  =  1.0
  [223, 102]  =  1.0
  [103, 103]  =  -1.0
  [121, 103]  =  1.0
  [224, 103]  =  1.0
  [104, 104]  =  -1.0
  [121, 104]  =  1.0
  [225, 104]  =  1.0
  [105, 105]  =  -1.0
  [121, 105]  =  1.0
  [226, 105]  =  1.0
  [106, 106]  =  -1.0
  [121, 106]  =  1.0
  [227, 106]  =  1.0
  [107, 107]  =  -1.0
  [121, 107]  =  1.0
  [228, 107]  =  1.0
  [108, 108]  =  -1.0
  [121, 108]  =  1.0
  [229, 108]  =  1.0
  [109, 109]  =  -1.0
  [121, 109]  =  1.0
  [230, 109]  =  1.0
  [110, 110]  =  -1.0
  [121, 110]  =  1.0
  [231, 110]  =  1.0
  [111, 111]  =  -1.0
  [121, 111]  =  1.0
  [232, 111]  =  1.0
  [112, 112]  =  -1.0
  [121, 112]  =  1.0
  [233, 112]  =  1.0
  [113, 113]  =  -1.0
  [121, 113]  =  1.0
  [234, 113]  =  1.0
  [114, 114]  =  -1.0
  [121, 114]  =  1.0
  [235, 114]  =  1.0
  [115, 115]  =  -1.0
  [121, 115]  =  1.0
  [236, 115]  =  1.0
  [116, 116]  =  -1.0
  [121, 116]  =  1.0
  [237, 116]  =  1.0
  [117, 117]  =  -1.0
  [121, 117]  =  1.0
  [238, 117]  =  1.0
  [118, 118]  =  -1.0
  [121, 118]  =  1.0
  [239, 118]  =  1.0
  [119, 119]  =  -1.0
  [121, 119]  =  1.0
  [240, 119]  =  1.0
  [120, 120]  =  -1.0
  [121, 120]  =  1.0
  [241, 120]  =  1.0
  [246, 121]  =  -1.0
  [247, 122]  =  -1.0
  [248, 123]  =  -1.0
  [249, 124]  =  -1.0
  [250, 125]  =  -1.0
  [251, 126]  =  -1.0
  [252, 127]  =  -1.0
  [253, 128]  =  -1.0
  [254, 129]  =  -1.0
  [255, 130]  =  -1.0
  [256, 131]  =  -1.0
  [257, 132]  =  -1.0
  [258, 133]  =  -1.0
  [259, 134]  =  -1.0
  [260, 135]  =  -1.0
  [261, 136]  =  -1.0
  [262, 137]  =  -1.0
  [263, 138]  =  -1.0
  [264, 139]  =  -1.0
  [265, 140]  =  -1.0
  [266, 141]  =  -1.0
  [267, 142]  =  -1.0
  [268, 143]  =  -1.0
  [269, 144]  =  -1.0
  [270, 145]  =  -1.0
  [272, 146]  =  -1.0
  [273, 147]  =  -1.0
  [274, 148]  =  -1.0
  [275, 149]  =  -1.0
  [276, 150]  =  -1.0
  [277, 151]  =  -1.0
  [278, 152]  =  -1.0
  [279, 153]  =  -1.0
  [280, 154]  =  -1.0
  [281, 155]  =  -1.0
  [282, 156]  =  -1.0
  [283, 157]  =  -1.0
  [284, 158]  =  -1.0
  [285, 159]  =  -1.0
  [286, 160]  =  -1.0
  [287, 161]  =  -1.0
  [288, 162]  =  -1.0
  [289, 163]  =  -1.0
  [290, 164]  =  -1.0
  [291, 165]  =  -1.0
  [292, 166]  =  -1.0
  [293, 167]  =  -1.0
  [294, 168]  =  -1.0
  [295, 169]  =  -1.0
  [296, 170]  =  -1.0
  [298, 171]  =  -1.0
  [299, 172]  =  -1.0
  [300, 173]  =  -1.0
  [301, 174]  =  -1.0
  [302, 175]  =  -1.0
  [303, 176]  =  -1.0
  [304, 177]  =  -1.0
  [305, 178]  =  -1.0
  [306, 179]  =  -1.0
  [307, 180]  =  -1.0
  [308, 181]  =  -1.0
  [309, 182]  =  -1.0
  [310, 183]  =  -1.0
  [311, 184]  =  -1.0
  [312, 185]  =  -1.0
  [313, 186]  =  -1.0
  [314, 187]  =  -1.0
  [315, 188]  =  -1.0
  [316, 189]  =  -1.0
  [317, 190]  =  -1.0
  [318, 191]  =  -1.0
  [319, 192]  =  -1.0
  [320, 193]  =  -1.0
  [321, 194]  =  -1.0
  [322, 195]  =  -1.0
  [325, 196]  =  -1.0
  [328, 196]  =  1.0
  [331, 197]  =  -1.0
  [334, 197]  =  1.0
  [337, 198]  =  -1.0
  [340, 198]  =  1.0
  [343, 199]  =  -1.0
  [346, 199]  =  1.0
  [349, 200]  =  -1.0
  [352, 200]  =  1.0
  [355, 201]  =  -1.0
  [358, 201]  =  1.0
  [361, 202]  =  -1.0
  [364, 202]  =  1.0
  [367, 203]  =  -1.0
  [370, 203]  =  1.0
  [373, 204]  =  -1.0
  [376, 204]  =  1.0
  [379, 205]  =  -1.0
  [382, 205]  =  1.0
  [385, 206]  =  -1.0
  [388, 206]  =  1.0
  [391, 207]  =  -1.0
  [394, 207]  =  1.0
  [397, 208]  =  -1.0
  [400, 208]  =  1.0
  [403, 209]  =  -1.0
  [406, 209]  =  1.0
  [409, 210]  =  -1.0
  [412, 210]  =  1.0
  [415, 211]  =  -1.0
  [418, 211]  =  1.0
  [421, 212]  =  -1.0
  [424, 212]  =  1.0
  [427, 213]  =  -1.0
  [430, 213]  =  1.0
  [433, 214]  =  -1.0
  [436, 214]  =  1.0
  [439, 215]  =  -1.0
  [442, 215]  =  1.0
  [445, 216]  =  -1.0
  [448, 216]  =  1.0
  [451, 217]  =  -1.0
  [454, 217]  =  1.0
  [457, 218]  =  -1.0
  [460, 218]  =  1.0
  [463, 219]  =  -1.0
  [466, 219]  =  1.0
  [469, 220]  =  -1.0
  [472, 220]  =  1.0
  [475, 221]  =  -1.0
  [478, 221]  =  1.0
  [481, 222]  =  -1.0
  [484, 222]  =  1.0
  [487, 223]  =  -1.0
  [490, 223]  =  1.0
  [493, 224]  =  -1.0
  [496, 224]  =  1.0
  [499, 225]  =  -1.0
  [502, 225]  =  1.0
  [505, 226]  =  -1.0
  [508, 226]  =  1.0
  [511, 227]  =  -1.0
  [514, 227]  =  1.0
  [517, 228]  =  -1.0
  [520, 228]  =  1.0
  [523, 229]  =  -1.0
  [526, 229]  =  1.0
  [529, 230]  =  -1.0
  [532, 230]  =  1.0
  [535, 231]  =  -1.0
  [538, 231]  =  1.0
  [541, 232]  =  -1.0
  [544, 232]  =  1.0
  [547, 233]  =  -1.0
  [550, 233]  =  1.0
  [553, 234]  =  -1.0
  [556, 234]  =  1.0
  [559, 235]  =  -1.0
  [562, 235]  =  1.0
  [565, 236]  =  -1.0
  [568, 236]  =  1.0
  [571, 237]  =  -1.0
  [574, 237]  =  1.0
  [577, 238]  =  -1.0
  [580, 238]  =  1.0
  [583, 239]  =  -1.0
  [586, 239]  =  1.0
  [589, 240]  =  -1.0
  [592, 240]  =  1.0
  [242, 241]  =  1.0
  [323, 241]  =  1.0
  [242, 242]  =  1.0
  [329, 242]  =  1.0
  [242, 243]  =  1.0
  [335, 243]  =  1.0
  [242, 244]  =  1.0
  [341, 244]  =  1.0
  [242, 245]  =  1.0
  [347, 245]  =  1.0
  [242, 246]  =  1.0
  [353, 246]  =  1.0
  [242, 247]  =  1.0
  [359, 247]  =  1.0
  [242, 248]  =  1.0
  [365, 248]  =  1.0
  [242, 249]  =  1.0
  [371, 249]  =  1.0
  [242, 250]  =  1.0
  [377, 250]  =  1.0
  [242, 251]  =  1.0
  [383, 251]  =  1.0
  [242, 252]  =  1.0
  [389, 252]  =  1.0
  [242, 253]  =  1.0
  [395, 253]  =  1.0
  [242, 254]  =  1.0
  [401, 254]  =  1.0
  [242, 255]  =  1.0
  [407, 255]  =  1.0
  [242, 256]  =  1.0
  [326, 256]  =  1.0
  [242, 257]  =  1.0
  [332, 257]  =  1.0
  [242, 258]  =  1.0
  [338, 258]  =  1.0
  [242, 259]  =  1.0
  [344, 259]  =  1.0
  [242, 260]  =  1.0
  [350, 260]  =  1.0
  [242, 261]  =  1.0
  [356, 261]  =  1.0
  [242, 262]  =  1.0
  [362, 262]  =  1.0
  [242, 263]  =  1.0
  [368, 263]  =  1.0
  [242, 264]  =  1.0
  [374, 264]  =  1.0
  [242, 265]  =  1.0
  [380, 265]  =  1.0
  [242, 266]  =  1.0
  [386, 266]  =  1.0
  [242, 267]  =  1.0
  [392, 267]  =  1.0
  [242, 268]  =  1.0
  [398, 268]  =  1.0
  [242, 269]  =  1.0
  [404, 269]  =  1.0
  [242, 270]  =  1.0
  [410, 270]  =  1.0
  [243, 271]  =  1.0
  [413, 271]  =  1.0
  [243, 272]  =  1.0
  [419, 272]  =  1.0
  [243, 273]  =  1.0
  [425, 273]  =  1.0
  [243, 274]  =  1.0
  [431, 274]  =  1.0
  [243, 275]  =  1.0
  [437, 275]  =  1.0
  [243, 276]  =  1.0
  [443, 276]  =  1.0
  [243, 277]  =  1.0
  [449, 277]  =  1.0
  [243, 278]  =  1.0
  [455, 278]  =  1.0
  [243, 279]  =  1.0
  [461, 279]  =  1.0
  [243, 280]  =  1.0
  [467, 280]  =  1.0
  [243, 281]  =  1.0
  [473, 281]  =  1.0
  [243, 282]  =  1.0
  [479, 282]  =  1.0
  [243, 283]  =  1.0
  [485, 283]  =  1.0
  [243, 284]  =  1.0
  [491, 284]  =  1.0
  [243, 285]  =  1.0
  [497, 285]  =  1.0
  [243, 286]  =  1.0
  [416, 286]  =  1.0
  [243, 287]  =  1.0
  [422, 287]  =  1.0
  [243, 288]  =  1.0
  [428, 288]  =  1.0
  [243, 289]  =  1.0
  [434, 289]  =  1.0
  [243, 290]  =  1.0
  [440, 290]  =  1.0
  [243, 291]  =  1.0
  [446, 291]  =  1.0
  [243, 292]  =  1.0
  [452, 292]  =  1.0
  [243, 293]  =  1.0
  [458, 293]  =  1.0
  [243, 294]  =  1.0
  [464, 294]  =  1.0
  [243, 295]  =  1.0
  [470, 295]  =  1.0
  [243, 296]  =  1.0
  [476, 296]  =  1.0
  [243, 297]  =  1.0
  [482, 297]  =  1.0
  [243, 298]  =  1.0
  [488, 298]  =  1.0
  [243, 299]  =  1.0
  [494, 299]  =  1.0
  [243, 300]  =  1.0
  [500, 300]  =  1.0
  [244, 301]  =  1.0
  [503, 301]  =  1.0
  [244, 302]  =  1.0
  [509, 302]  =  1.0
  [244, 303]  =  1.0
  [515, 303]  =  1.0
  [244, 304]  =  1.0
  [521, 304]  =  1.0
  [244, 305]  =  1.0
  [527, 305]  =  1.0
  [244, 306]  =  1.0
  [533, 306]  =  1.0
  [244, 307]  =  1.0
  [539, 307]  =  1.0
  [244, 308]  =  1.0
  [545, 308]  =  1.0
  [244, 309]  =  1.0
  [551, 309]  =  1.0
  [244, 310]  =  1.0
  [557, 310]  =  1.0
  [244, 311]  =  1.0
  [563, 311]  =  1.0
  [244, 312]  =  1.0
  [569, 312]  =  1.0
  [244, 313]  =  1.0
  [575, 313]  =  1.0
  [244, 314]  =  1.0
  [581, 314]  =  1.0
  [244, 315]  =  1.0
  [587, 315]  =  1.0
  [244, 316]  =  1.0
  [506, 316]  =  1.0
  [244, 317]  =  1.0
  [512, 317]  =  1.0
  [244, 318]  =  1.0
  [518, 318]  =  1.0
  [244, 319]  =  1.0
  [524, 319]  =  1.0
  [244, 320]  =  1.0
  [530, 320]  =  1.0
  [244, 321]  =  1.0
  [536, 321]  =  1.0
  [244, 322]  =  1.0
  [542, 322]  =  1.0
  [244, 323]  =  1.0
  [548, 323]  =  1.0
  [244, 324]  =  1.0
  [554, 324]  =  1.0
  [244, 325]  =  1.0
  [560, 325]  =  1.0
  [244, 326]  =  1.0
  [566, 326]  =  1.0
  [244, 327]  =  1.0
  [572, 327]  =  1.0
  [244, 328]  =  1.0
  [578, 328]  =  1.0
  [244, 329]  =  1.0
  [584, 329]  =  1.0
  [244, 330]  =  1.0
  [590, 330]  =  1.0, 
  [1  ,   1]  =  -0.382059
  [2  ,   1]  =  -0.00344196
  [3  ,   1]  =  -0.0293223
  [4  ,   1]  =  -0.0091853
  [5  ,   1]  =  -0.0078967
  [6  ,   1]  =  -0.00545691
  [7  ,   1]  =  -0.0153439
  [8  ,   1]  =  -0.00959039
  [9  ,   1]  =  -0.0378089
  [10 ,   1]  =  -0.0204477
  [11 ,   1]  =  0.0140181
  [12 ,   1]  =  -0.00943645
  [13 ,   1]  =  0.000601604
  [14 ,   1]  =  -0.00728193
  [15 ,   1]  =  -0.00480922
  [16 ,   1]  =  -0.0278227
  [17 ,   1]  =  -0.0103587
  [18 ,   1]  =  0.000871835
  [19 ,   1]  =  -0.00408971
  [20 ,   1]  =  -0.031891
  [21 ,   1]  =  -0.163293
  [22 ,   1]  =  0.00523095
  [23 ,   1]  =  -0.0145921
  [24 ,   1]  =  -0.0232689
  [25 ,   1]  =  0.00229756
  [1  ,   2]  =  -0.00344196
  [2  ,   2]  =  -0.126804
  [3  ,   2]  =  -0.0112078
  [4  ,   2]  =  -0.0090899
  [5  ,   2]  =  -0.01514
  [6  ,   2]  =  -0.00239467
  [7  ,   2]  =  -0.00999598
  [8  ,   2]  =  -0.0120484
  [9  ,   2]  =  -0.00612316
  [10 ,   2]  =  -0.0177785
  [11 ,   2]  =  -0.00279279
  [12 ,   2]  =  -0.00850507
  [13 ,   2]  =  -0.00861918
  [14 ,   2]  =  -0.00178186
  [15 ,   2]  =  -0.00839405
  [16 ,   2]  =  -0.00972896
  [17 ,   2]  =  -0.00637195
  [18 ,   2]  =  -0.00828344
  [19 ,   2]  =  -0.0171719
  [20 ,   2]  =  -0.005804
  [21 ,   2]  =  -0.00670202
  [22 ,   2]  =  -0.0165772
  [23 ,   2]  =  -0.00322778
  [24 ,   2]  =  -0.0128624
  [25 ,   2]  =  -0.00695662
  [1  ,   3]  =  -0.0293223
  [2  ,   3]  =  -0.0112078
  [3  ,   3]  =  -0.13671
  [4  ,   3]  =  -1.72338e-5
  [5  ,   3]  =  -0.0119435
  [6  ,   3]  =  -0.0149761
  [7  ,   3]  =  -0.00426559
  [8  ,   3]  =  0.00502401
  [9  ,   3]  =  -0.0348701
  [10 ,   3]  =  -0.0259936
  [11 ,   3]  =  0.0039109
  [12 ,   3]  =  -0.0033409
  [13 ,   3]  =  -0.00471699
  [14 ,   3]  =  -0.00770642
  [15 ,   3]  =  -0.0137468
  [16 ,   3]  =  -0.0107691
  [17 ,   3]  =  -0.0128779
  [18 ,   3]  =  -0.00596158
  [19 ,   3]  =  -0.00615828
  [20 ,   3]  =  -0.0120902
  [21 ,   3]  =  -0.0150126
  [22 ,   3]  =  -0.0120018
  [23 ,   3]  =  -0.00810374
  [24 ,   3]  =  -0.0216586
  [25 ,   3]  =  -0.0157035
  [1  ,   4]  =  -0.0091853
  [2  ,   4]  =  -0.0090899
  [3  ,   4]  =  -1.72338e-5
  [4  ,   4]  =  -0.294166
  [5  ,   4]  =  -0.00858903
  [6  ,   4]  =  -0.0225567
  [7  ,   4]  =  -0.0238312
  [8  ,   4]  =  -0.0133327
  [9  ,   4]  =  -0.0038266
  [10 ,   4]  =  -0.0146222
  [11 ,   4]  =  -0.0306592
  [12 ,   4]  =  -0.0279849
  [13 ,   4]  =  -0.00158694
  [14 ,   4]  =  -0.034214
  [15 ,   4]  =  -0.0109955
  [16 ,   4]  =  -0.0445035
  [17 ,   4]  =  0.00552673
  [18 ,   4]  =  -0.0155436
  [19 ,   4]  =  0.00749906
  [20 ,   4]  =  -0.0175485
  [21 ,   4]  =  -0.00922743
  [22 ,   4]  =  -0.0175486
  [23 ,   4]  =  -0.0249138
  [24 ,   4]  =  -0.0103085
  [25 ,   4]  =  -0.0112797
  [1  ,   5]  =  -0.0078967
  [2  ,   5]  =  -0.01514
  [3  ,   5]  =  -0.0119435
  [4  ,   5]  =  -0.00858903
  [5  ,   5]  =  -0.182587
  [6  ,   5]  =  -0.0168653
  [7  ,   5]  =  -0.00762231
  [8  ,   5]  =  -0.0100277
  [9  ,   5]  =  -0.00739853
  [10 ,   5]  =  -0.0126709
  [11 ,   5]  =  -0.00730792
  [12 ,   5]  =  -0.0245528
  [13 ,   5]  =  -0.00652324
  [14 ,   5]  =  -0.0190377
  [15 ,   5]  =  -0.00850833
  [16 ,   5]  =  -0.0164941
  [17 ,   5]  =  0.022901
  [18 ,   5]  =  -0.00837686
  [19 ,   5]  =  -0.0190672
  [20 ,   5]  =  -0.0347752
  [21 ,   5]  =  -0.0124953
  [22 ,   5]  =  -0.0106958
  [23 ,   5]  =  -0.0117701
  [24 ,   5]  =  -0.0151978
  [25 ,   5]  =  -0.0103801
  [1  ,   6]  =  -0.00545691
  [2  ,   6]  =  -0.00239467
  [3  ,   6]  =  -0.0149761
  [4  ,   6]  =  -0.0225567
  [5  ,   6]  =  -0.0168653
  [6  ,   6]  =  -0.278767
  [7  ,   6]  =  -0.00966251
  [8  ,   6]  =  -0.00964022
  [9  ,   6]  =  -0.0158397
  [10 ,   6]  =  -0.0339155
  [11 ,   6]  =  -0.0229487
  [12 ,   6]  =  -0.0164724
  [13 ,   6]  =  -0.00617554
  [14 ,   6]  =  -0.00850447
  [15 ,   6]  =  -0.0377356
  [16 ,   6]  =  -0.0188628
  [17 ,   6]  =  0.00810211
  [18 ,   6]  =  -0.00395672
  [19 ,   6]  =  -0.0245474
  [20 ,   6]  =  -0.00921832
  [21 ,   6]  =  -0.011331
  [22 ,   6]  =  -0.00585968
  [23 ,   6]  =  -0.0343554
  [24 ,   6]  =  0.0103572
  [25 ,   6]  =  -0.00630028
  [1  ,   7]  =  -0.0153439
  [2  ,   7]  =  -0.00999598
  [3  ,   7]  =  -0.00426559
  [4  ,   7]  =  -0.0238312
  [5  ,   7]  =  -0.00762231
  [6  ,   7]  =  -0.00966251
  [7  ,   7]  =  -0.219571
  [8  ,   7]  =  -0.0188224
  [9  ,   7]  =  -0.00769265
  [10 ,   7]  =  -0.0182154
  [11 ,   7]  =  -0.0223618
  [12 ,   7]  =  -0.0276324
  [13 ,   7]  =  -0.00311424
  [14 ,   7]  =  -0.00947889
  [15 ,   7]  =  -0.0138412
  [16 ,   7]  =  -0.0337246
  [17 ,   7]  =  -0.0322581
  [18 ,   7]  =  -0.00833949
  [19 ,   7]  =  -0.00928979
  [20 ,   7]  =  0.00181398
  [21 ,   7]  =  -0.00330827
  [22 ,   7]  =  -0.00938486
  [23 ,   7]  =  -0.0162212
  [24 ,   7]  =  -0.0125524
  [25 ,   7]  =  -0.024563
  [1  ,   8]  =  -0.00959039
  [2  ,   8]  =  -0.0120484
  [3  ,   8]  =  0.00502401
  [4  ,   8]  =  -0.0133327
  [5  ,   8]  =  -0.0100277
  [6  ,   8]  =  -0.00964022
  [7  ,   8]  =  -0.0188224
  [8  ,   8]  =  -0.424505
  [9  ,   8]  =  0.00263728
  [10 ,   8]  =  -0.00569998
  [11 ,   8]  =  -0.0194155
  [12 ,   8]  =  -0.00428972
  [13 ,   8]  =  -0.00411882
  [14 ,   8]  =  -0.00817086
  [15 ,   8]  =  0.00523922
  [16 ,   8]  =  -0.0132361
  [17 ,   8]  =  -0.0383889
  [18 ,   8]  =  -0.00269109
  [19 ,   8]  =  -0.0292139
  [20 ,   8]  =  -0.0149068
  [21 ,   8]  =  0.00903793
  [22 ,   8]  =  -0.0104575
  [23 ,   8]  =  0.00346828
  [24 ,   8]  =  0.0142098
  [25 ,   8]  =  -0.0313429
  [1  ,   9]  =  -0.0378089
  [2  ,   9]  =  -0.00612316
  [3  ,   9]  =  -0.0348701
  [4  ,   9]  =  -0.0038266
  [5  ,   9]  =  -0.00739853
  [6  ,   9]  =  -0.0158397
  [7  ,   9]  =  -0.00769265
  [8  ,   9]  =  0.00263728
  [9  ,   9]  =  -0.22254
  [10 ,   9]  =  -0.0161321
  [11 ,   9]  =  -0.00340176
  [12 ,   9]  =  -0.0125987
  [13 ,   9]  =  -0.00890351
  [14 ,   9]  =  -0.0094679
  [15 ,   9]  =  -0.0147506
  [16 ,   9]  =  -0.00410573
  [17 ,   9]  =  -0.0260196
  [18 ,   9]  =  -0.0150862
  [19 ,   9]  =  0.00203211
  [20 ,   9]  =  -0.00935168
  [21 ,   9]  =  -0.0441543
  [22 ,   9]  =  -0.0184091
  [23 ,   9]  =  0.0232945
  [24 ,   9]  =  -0.0533512
  [25 ,   9]  =  -0.00326792
  [1  ,  10]  =  -0.0204477
  [2  ,  10]  =  -0.0177785
  [3  ,  10]  =  -0.0259936
  [4  ,  10]  =  -0.0146222
  [5  ,  10]  =  -0.0126709
  [6  ,  10]  =  -0.0339155
  [7  ,  10]  =  -0.0182154
  [8  ,  10]  =  -0.00569998
  [9  ,  10]  =  -0.0161321
  [10 ,  10]  =  -0.207599
  [11 ,  10]  =  -0.00685345
  [12 ,  10]  =  -0.009582
  [13 ,  10]  =  -0.019167
  [14 ,  10]  =  -0.0149664
  [15 ,  10]  =  -0.0641596
  [16 ,  10]  =  -0.0146802
  [17 ,  10]  =  -0.0168166
  [18 ,  10]  =  -0.0184649
  [19 ,  10]  =  -0.0210363
  [20 ,  10]  =  -0.0286382
  [21 ,  10]  =  -0.0134557
  [22 ,  10]  =  -0.0126471
  [23 ,  10]  =  0.010228
  [24 ,  10]  =  -0.0184157
  [25 ,  10]  =  -0.0463801
  [1  ,  11]  =  0.0140181
  [2  ,  11]  =  -0.00279279
  [3  ,  11]  =  0.0039109
  [4  ,  11]  =  -0.0306592
  [5  ,  11]  =  -0.00730792
  [6  ,  11]  =  -0.0229487
  [7  ,  11]  =  -0.0223618
  [8  ,  11]  =  -0.0194155
  [9  ,  11]  =  -0.00340176
  [10 ,  11]  =  -0.00685345
  [11 ,  11]  =  -0.444719
  [12 ,  11]  =  -0.0144689
  [13 ,  11]  =  -0.00516637
  [14 ,  11]  =  0.00457845
  [15 ,  11]  =  0.000673909
  [16 ,  11]  =  -0.0962949
  [17 ,  11]  =  -0.00544817
  [18 ,  11]  =  0.0153468
  [19 ,  11]  =  -0.024858
  [20 ,  11]  =  -0.0275507
  [21 ,  11]  =  0.00639212
  [22 ,  11]  =  -0.0124815
  [23 ,  11]  =  -0.00998242
  [24 ,  11]  =  -0.0102677
  [25 ,  11]  =  0.000123426
  [1  ,  12]  =  -0.00943645
  [2  ,  12]  =  -0.00850507
  [3  ,  12]  =  -0.0033409
  [4  ,  12]  =  -0.0279849
  [5  ,  12]  =  -0.0245528
  [6  ,  12]  =  -0.0164724
  [7  ,  12]  =  -0.0276324
  [8  ,  12]  =  -0.00428972
  [9  ,  12]  =  -0.0125987
  [10 ,  12]  =  -0.009582
  [11 ,  12]  =  -0.0144689
  [12 ,  12]  =  -0.286847
  [13 ,  12]  =  -0.013929
  [14 ,  12]  =  -0.0148812
  [15 ,  12]  =  -0.00741337
  [16 ,  12]  =  -0.0353848
  [17 ,  12]  =  0.0115343
  [18 ,  12]  =  0.000800436
  [19 ,  12]  =  -0.0319588
  [20 ,  12]  =  -0.0362106
  [21 ,  12]  =  -0.0157518
  [22 ,  12]  =  -0.00732345
  [23 ,  12]  =  -0.0168588
  [24 ,  12]  =  -0.0418978
  [25 ,  12]  =  -0.027174
  [1  ,  13]  =  0.000601604
  [2  ,  13]  =  -0.00861918
  [3  ,  13]  =  -0.00471699
  [4  ,  13]  =  -0.00158694
  [5  ,  13]  =  -0.00652324
  [6  ,  13]  =  -0.00617554
  [7  ,  13]  =  -0.00311424
  [8  ,  13]  =  -0.00411882
  [9  ,  13]  =  -0.00890351
  [10 ,  13]  =  -0.019167
  [11 ,  13]  =  -0.00516637
  [12 ,  13]  =  -0.013929
  [13 ,  13]  =  -0.098622
  [14 ,  13]  =  -0.00704498
  [15 ,  13]  =  -0.0113672
  [16 ,  13]  =  -0.0045549
  [17 ,  13]  =  -0.00634384
  [18 ,  13]  =  -0.00775924
  [19 ,  13]  =  -0.0059661
  [20 ,  13]  =  -0.0068825
  [21 ,  13]  =  0.00106611
  [22 ,  13]  =  -0.0132402
  [23 ,  13]  =  -0.00166562
  [24 ,  13]  =  -0.0042471
  [25 ,  13]  =  -0.00785624
  [1  ,  14]  =  -0.00728193
  [2  ,  14]  =  -0.00178186
  [3  ,  14]  =  -0.00770642
  [4  ,  14]  =  -0.034214
  [5  ,  14]  =  -0.0190377
  [6  ,  14]  =  -0.00850447
  [7  ,  14]  =  -0.00947889
  [8  ,  14]  =  -0.00817086
  [9  ,  14]  =  -0.0094679
  [10 ,  14]  =  -0.0149664
  [11 ,  14]  =  0.00457845
  [12 ,  14]  =  -0.0148812
  [13 ,  14]  =  -0.00704498
  [14 ,  14]  =  -1.44641
  [15 ,  14]  =  -0.0126133
  [16 ,  14]  =  -0.0234904
  [17 ,  14]  =  -0.032819
  [18 ,  14]  =  0.00216113
  [19 ,  14]  =  -0.0130345
  [20 ,  14]  =  -0.0270095
  [21 ,  14]  =  -0.01146
  [22 ,  14]  =  -0.019341
  [23 ,  14]  =  -0.0224652
  [24 ,  14]  =  -0.00926414
  [25 ,  14]  =  -0.0273102
  [1  ,  15]  =  -0.00480922
  [2  ,  15]  =  -0.00839405
  [3  ,  15]  =  -0.0137468
  [4  ,  15]  =  -0.0109955
  [5  ,  15]  =  -0.00850833
  [6  ,  15]  =  -0.0377356
  [7  ,  15]  =  -0.0138412
  [8  ,  15]  =  0.00523922
  [9  ,  15]  =  -0.0147506
  [10 ,  15]  =  -0.0641596
  [11 ,  15]  =  0.000673909
  [12 ,  15]  =  -0.00741337
  [13 ,  15]  =  -0.0113672
  [14 ,  15]  =  -0.0126133
  [15 ,  15]  =  -0.172052
  [16 ,  15]  =  -0.0240407
  [17 ,  15]  =  -0.00812913
  [18 ,  15]  =  0.000112254
  [19 ,  15]  =  -0.0175644
  [20 ,  15]  =  -0.0295327
  [21 ,  15]  =  -0.0109734
  [22 ,  15]  =  -0.00864129
  [23 ,  15]  =  -0.00833792
  [24 ,  15]  =  -0.0143402
  [25 ,  15]  =  -0.0284488
  [1  ,  16]  =  -0.0278227
  [2  ,  16]  =  -0.00972896
  [3  ,  16]  =  -0.0107691
  [4  ,  16]  =  -0.0445035
  [5  ,  16]  =  -0.0164941
  [6  ,  16]  =  -0.0188628
  [7  ,  16]  =  -0.0337246
  [8  ,  16]  =  -0.0132361
  [9  ,  16]  =  -0.00410573
  [10 ,  16]  =  -0.0146802
  [11 ,  16]  =  -0.0962949
  [12 ,  16]  =  -0.0353848
  [13 ,  16]  =  -0.0045549
  [14 ,  16]  =  -0.0234904
  [15 ,  16]  =  -0.0240407
  [16 ,  16]  =  -0.493119
  [17 ,  16]  =  0.00952027
  [18 ,  16]  =  -0.0108637
  [19 ,  16]  =  -0.02341
  [20 ,  16]  =  -0.0137932
  [21 ,  16]  =  -0.0515742
  [22 ,  16]  =  -0.0206403
  [23 ,  16]  =  -0.0085681
  [24 ,  16]  =  0.00810588
  [25 ,  16]  =  -0.0400663
  [1  ,  17]  =  -0.0103587
  [2  ,  17]  =  -0.00637195
  [3  ,  17]  =  -0.0128779
  [4  ,  17]  =  0.00552673
  [5  ,  17]  =  0.022901
  [6  ,  17]  =  0.00810211
  [7  ,  17]  =  -0.0322581
  [8  ,  17]  =  -0.0383889
  [9  ,  17]  =  -0.0260196
  [10 ,  17]  =  -0.0168166
  [11 ,  17]  =  -0.00544817
  [12 ,  17]  =  0.0115343
  [13 ,  17]  =  -0.00634384
  [14 ,  17]  =  -0.032819
  [15 ,  17]  =  -0.00812913
  [16 ,  17]  =  0.00952027
  [17 ,  17]  =  -0.972811
  [18 ,  17]  =  -0.0228778
  [19 ,  17]  =  -0.0244164
  [20 ,  17]  =  -0.00257068
  [21 ,  17]  =  -0.0192631
  [22 ,  17]  =  -0.0020412
  [23 ,  17]  =  0.00896314
  [24 ,  17]  =  -0.06767
  [25 ,  17]  =  -0.00687195
  [1  ,  18]  =  0.000871835
  [2  ,  18]  =  -0.00828344
  [3  ,  18]  =  -0.00596158
  [4  ,  18]  =  -0.0155436
  [5  ,  18]  =  -0.00837686
  [6  ,  18]  =  -0.00395672
  [7  ,  18]  =  -0.00833949
  [8  ,  18]  =  -0.00269109
  [9  ,  18]  =  -0.0150862
  [10 ,  18]  =  -0.0184649
  [11 ,  18]  =  0.0153468
  [12 ,  18]  =  0.000800436
  [13 ,  18]  =  -0.00775924
  [14 ,  18]  =  0.00216113
  [15 ,  18]  =  0.000112254
  [16 ,  18]  =  -0.0108637
  [17 ,  18]  =  -0.0228778
  [18 ,  18]  =  -0.382689
  [19 ,  18]  =  -0.0088647
  [20 ,  18]  =  -0.0103681
  [21 ,  18]  =  -2.25107e-5
  [22 ,  18]  =  0.00139008
  [23 ,  18]  =  -0.00152961
  [24 ,  18]  =  -0.06255
  [25 ,  18]  =  -0.0145963
  [1  ,  19]  =  -0.00408971
  [2  ,  19]  =  -0.0171719
  [3  ,  19]  =  -0.00615828
  [4  ,  19]  =  0.00749906
  [5  ,  19]  =  -0.0190672
  [6  ,  19]  =  -0.0245474
  [7  ,  19]  =  -0.00928979
  [8  ,  19]  =  -0.0292139
  [9  ,  19]  =  0.00203211
  [10 ,  19]  =  -0.0210363
  [11 ,  19]  =  -0.024858
  [12 ,  19]  =  -0.0319588
  [13 ,  19]  =  -0.0059661
  [14 ,  19]  =  -0.0130345
  [15 ,  19]  =  -0.0175644
  [16 ,  19]  =  -0.02341
  [17 ,  19]  =  -0.0244164
  [18 ,  19]  =  -0.0088647
  [19 ,  19]  =  -0.242354
  [20 ,  19]  =  -0.0186346
  [21 ,  19]  =  -0.00535423
  [22 ,  19]  =  -0.0171124
  [23 ,  19]  =  -0.0208538
  [24 ,  19]  =  -0.0281754
  [25 ,  19]  =  -0.0173292
  [1  ,  20]  =  -0.031891
  [2  ,  20]  =  -0.005804
  [3  ,  20]  =  -0.0120902
  [4  ,  20]  =  -0.0175485
  [5  ,  20]  =  -0.0347752
  [6  ,  20]  =  -0.00921832
  [7  ,  20]  =  0.00181398
  [8  ,  20]  =  -0.0149068
  [9  ,  20]  =  -0.00935168
  [10 ,  20]  =  -0.0286382
  [11 ,  20]  =  -0.0275507
  [12 ,  20]  =  -0.0362106
  [13 ,  20]  =  -0.0068825
  [14 ,  20]  =  -0.0270095
  [15 ,  20]  =  -0.0295327
  [16 ,  20]  =  -0.0137932
  [17 ,  20]  =  -0.00257068
  [18 ,  20]  =  -0.0103681
  [19 ,  20]  =  -0.0186346
  [20 ,  20]  =  -0.707678
  [21 ,  20]  =  -0.0376767
  [22 ,  20]  =  -0.0200062
  [23 ,  20]  =  -0.0273903
  [24 ,  20]  =  0.00275139
  [25 ,  20]  =  -0.0319531
  [1  ,  21]  =  -0.163293
  [2  ,  21]  =  -0.00670202
  [3  ,  21]  =  -0.0150126
  [4  ,  21]  =  -0.00922743
  [5  ,  21]  =  -0.0124953
  [6  ,  21]  =  -0.011331
  [7  ,  21]  =  -0.00330827
  [8  ,  21]  =  0.00903793
  [9  ,  21]  =  -0.0441543
  [10 ,  21]  =  -0.0134557
  [11 ,  21]  =  0.00639212
  [12 ,  21]  =  -0.0157518
  [13 ,  21]  =  0.00106611
  [14 ,  21]  =  -0.01146
  [15 ,  21]  =  -0.0109734
  [16 ,  21]  =  -0.0515742
  [17 ,  21]  =  -0.0192631
  [18 ,  21]  =  -2.25107e-5
  [19 ,  21]  =  -0.00535423
  [20 ,  21]  =  -0.0376767
  [21 ,  21]  =  -0.50266
  [22 ,  21]  =  0.00707849
  [23 ,  21]  =  -0.0217018
  [24 ,  21]  =  -0.0129771
  [25 ,  21]  =  0.00594268
  [1  ,  22]  =  0.00523095
  [2  ,  22]  =  -0.0165772
  [3  ,  22]  =  -0.0120018
  [4  ,  22]  =  -0.0175486
  [5  ,  22]  =  -0.0106958
  [6  ,  22]  =  -0.00585968
  [7  ,  22]  =  -0.00938486
  [8  ,  22]  =  -0.0104575
  [9  ,  22]  =  -0.0184091
  [10 ,  22]  =  -0.0126471
  [11 ,  22]  =  -0.0124815
  [12 ,  22]  =  -0.00732345
  [13 ,  22]  =  -0.0132402
  [14 ,  22]  =  -0.019341
  [15 ,  22]  =  -0.00864129
  [16 ,  22]  =  -0.0206403
  [17 ,  22]  =  -0.0020412
  [18 ,  22]  =  0.00139008
  [19 ,  22]  =  -0.0171124
  [20 ,  22]  =  -0.0200062
  [21 ,  22]  =  0.00707849
  [22 ,  22]  =  -0.260133
  [23 ,  22]  =  -0.00286274
  [24 ,  22]  =  -0.00380039
  [25 ,  22]  =  -0.0205396
  [1  ,  23]  =  -0.0145921
  [2  ,  23]  =  -0.00322778
  [3  ,  23]  =  -0.00810374
  [4  ,  23]  =  -0.0249138
  [5  ,  23]  =  -0.0117701
  [6  ,  23]  =  -0.0343554
  [7  ,  23]  =  -0.0162212
  [8  ,  23]  =  0.00346828
  [9  ,  23]  =  0.0232945
  [10 ,  23]  =  0.010228
  [11 ,  23]  =  -0.00998242
  [12 ,  23]  =  -0.0168588
  [13 ,  23]  =  -0.00166562
  [14 ,  23]  =  -0.0224652
  [15 ,  23]  =  -0.00833792
  [16 ,  23]  =  -0.0085681
  [17 ,  23]  =  0.00896314
  [18 ,  23]  =  -0.00152961
  [19 ,  23]  =  -0.0208538
  [20 ,  23]  =  -0.0273903
  [21 ,  23]  =  -0.0217018
  [22 ,  23]  =  -0.00286274
  [23 ,  23]  =  -0.413182
  [24 ,  23]  =  0.0204987
  [25 ,  23]  =  -0.0184752
  [1  ,  24]  =  -0.0232689
  [2  ,  24]  =  -0.0128624
  [3  ,  24]  =  -0.0216586
  [4  ,  24]  =  -0.0103085
  [5  ,  24]  =  -0.0151978
  [6  ,  24]  =  0.0103572
  [7  ,  24]  =  -0.0125524
  [8  ,  24]  =  0.0142098
  [9  ,  24]  =  -0.0533512
  [10 ,  24]  =  -0.0184157
  [11 ,  24]  =  -0.0102677
  [12 ,  24]  =  -0.0418978
  [13 ,  24]  =  -0.0042471
  [14 ,  24]  =  -0.00926414
  [15 ,  24]  =  -0.0143402
  [16 ,  24]  =  0.00810588
  [17 ,  24]  =  -0.06767
  [18 ,  24]  =  -0.06255
  [19 ,  24]  =  -0.0281754
  [20 ,  24]  =  0.00275139
  [21 ,  24]  =  -0.0129771
  [22 ,  24]  =  -0.00380039
  [23 ,  24]  =  0.0204987
  [24 ,  24]  =  -0.41032
  [25 ,  24]  =  -0.0257373
  [1  ,  25]  =  0.00229756
  [2  ,  25]  =  -0.00695662
  [3  ,  25]  =  -0.0157035
  [4  ,  25]  =  -0.0112797
  [5  ,  25]  =  -0.0103801
  [6  ,  25]  =  -0.00630028
  [7  ,  25]  =  -0.024563
  [8  ,  25]  =  -0.0313429
  [9  ,  25]  =  -0.00326792
  [10 ,  25]  =  -0.0463801
  [11 ,  25]  =  0.000123426
  [12 ,  25]  =  -0.027174
  [13 ,  25]  =  -0.00785624
  [14 ,  25]  =  -0.0273102
  [15 ,  25]  =  -0.0284488
  [16 ,  25]  =  -0.0400663
  [17 ,  25]  =  -0.00687195
  [18 ,  25]  =  -0.0145963
  [19 ,  25]  =  -0.0173292
  [20 ,  25]  =  -0.0319531
  [21 ,  25]  =  0.00594268
  [22 ,  25]  =  -0.0205396
  [23 ,  25]  =  -0.0184752
  [24 ,  25]  =  -0.0257373
  [25 ,  25]  =  -0.277719
  [26 ,  26]  =  -0.345275
  [27 ,  26]  =  -0.0183252
  [28 ,  26]  =  -0.0147717
  [29 ,  26]  =  -0.028886
  [30 ,  26]  =  -0.0508563
  [31 ,  26]  =  -0.00264845
  [32 ,  26]  =  -0.00846529
  [33 ,  26]  =  -0.0146774
  [34 ,  26]  =  -0.0106538
  [35 ,  26]  =  -0.000433609
  [36 ,  26]  =  -0.0145839
  [37 ,  26]  =  -0.0141111
  [38 ,  26]  =  -0.0155364
  [39 ,  26]  =  -0.0276521
  [40 ,  26]  =  -0.0283485
  [41 ,  26]  =  -0.0213687
  [42 ,  26]  =  -0.00495115
  [43 ,  26]  =  -0.0152714
  [44 ,  26]  =  -0.0346285
  [45 ,  26]  =  0.000275784
  [46 ,  26]  =  -0.00278334
  [47 ,  26]  =  -0.0051255
  [48 ,  26]  =  -0.00128227
  [49 ,  26]  =  -0.010869
  [50 ,  26]  =  -0.00744832
  [26 ,  27]  =  -0.0183252
  [27 ,  27]  =  -0.151401
  [28 ,  27]  =  -0.0144017
  [29 ,  27]  =  -0.00403152
  [30 ,  27]  =  -0.0123439
  [31 ,  27]  =  -0.0219499
  [32 ,  27]  =  -0.00215438
  [33 ,  27]  =  -0.00949275
  [34 ,  27]  =  -0.033232
  [35 ,  27]  =  -0.00769741
  [36 ,  27]  =  -0.0190307
  [37 ,  27]  =  -0.0112862
  [38 ,  27]  =  0.0183504
  [39 ,  27]  =  -0.0304351
  [40 ,  27]  =  -0.013207
  [41 ,  27]  =  -0.00410661
  [42 ,  27]  =  -0.00395667
  [43 ,  27]  =  -0.0262355
  [44 ,  27]  =  -0.00389537
  [45 ,  27]  =  0.00312974
  [46 ,  27]  =  -0.00949432
  [47 ,  27]  =  -0.00229357
  [48 ,  27]  =  -0.0123341
  [49 ,  27]  =  -0.00856645
  [50 ,  27]  =  -0.0236538
  [26 ,  28]  =  -0.0147717
  [27 ,  28]  =  -0.0144017
  [28 ,  28]  =  -0.152799
  [29 ,  28]  =  -0.0127269
  [30 ,  28]  =  -0.00911797
  [31 ,  28]  =  -0.0150598
  [32 ,  28]  =  -0.00143371
  [33 ,  28]  =  -0.0436578
  [34 ,  28]  =  0.000731559
  [35 ,  28]  =  -0.0220343
  [36 ,  28]  =  -0.0284581
  [37 ,  28]  =  -0.00861562
  [38 ,  28]  =  -0.00152122
  [39 ,  28]  =  -0.0164647
  [40 ,  28]  =  -0.015137
  [41 ,  28]  =  -0.0109997
  [42 ,  28]  =  -0.0152839
  [43 ,  28]  =  -0.0336284
  [44 ,  28]  =  -0.00799481
  [45 ,  28]  =  -0.00300486
  [46 ,  28]  =  -0.0149678
  [47 ,  28]  =  -0.00671843
  [48 ,  28]  =  -0.0101271
  [49 ,  28]  =  -0.013968
  [50 ,  28]  =  -0.00740055
  [26 ,  29]  =  -0.028886
  [27 ,  29]  =  -0.00403152
  [28 ,  29]  =  -0.0127269
  [29 ,  29]  =  -0.301642
  [30 ,  29]  =  -0.0471397
  [31 ,  29]  =  -0.0017576
  [32 ,  29]  =  -0.00833842
  [33 ,  29]  =  -0.00711361
  [34 ,  29]  =  -0.000709041
  [35 ,  29]  =  -0.00560355
  [36 ,  29]  =  -0.0131259
  [37 ,  29]  =  -0.00341516
  [38 ,  29]  =  0.00252048
  [39 ,  29]  =  -0.0233456
  [40 ,  29]  =  -0.0153873
  [41 ,  29]  =  -0.00854588
  [42 ,  29]  =  0.00140153
  [43 ,  29]  =  -0.00701607
  [44 ,  29]  =  -0.0134879
  [45 ,  29]  =  0.0118889
  [46 ,  29]  =  -0.012862
  [47 ,  29]  =  -0.00703955
  [48 ,  29]  =  -0.00046058
  [49 ,  29]  =  -0.00725722
  [50 ,  29]  =  -0.018095
  [26 ,  30]  =  -0.0508563
  [27 ,  30]  =  -0.0123439
  [28 ,  30]  =  -0.00911797
  [29 ,  30]  =  -0.0471397
  [30 ,  30]  =  -2.23305
  [31 ,  30]  =  -0.00638432
  [32 ,  30]  =  -0.0137812
  [33 ,  30]  =  -0.00985055
  [34 ,  30]  =  -0.00600713
  [35 ,  30]  =  0.00546006
  [36 ,  30]  =  -0.012747
  [37 ,  30]  =  -0.00786921
  [38 ,  30]  =  -0.249192
  [39 ,  30]  =  -0.000569396
  [40 ,  30]  =  -0.0387106
  [41 ,  30]  =  -0.00642664
  [42 ,  30]  =  -0.00584555
  [43 ,  30]  =  -0.0241099
  [44 ,  30]  =  -0.14612
  [45 ,  30]  =  -0.0298416
  [46 ,  30]  =  -0.00298992
  [47 ,  30]  =  -0.00170835
  [48 ,  30]  =  -0.0175497
  [49 ,  30]  =  -0.0176237
  [50 ,  30]  =  0.0079462
  [26 ,  31]  =  -0.00264845
  [27 ,  31]  =  -0.0219499
  [28 ,  31]  =  -0.0150598
  [29 ,  31]  =  -0.0017576
  [30 ,  31]  =  -0.00638432
  [31 ,  31]  =  -0.204756
  [32 ,  31]  =  -0.00584589
  [33 ,  31]  =  -0.0101601
  [34 ,  31]  =  0.00531973
  [35 ,  31]  =  0.00769079
  [36 ,  31]  =  -0.0140717
  [37 ,  31]  =  0.00011678
  [38 ,  31]  =  0.00643093
  [39 ,  31]  =  0.00160203
  [40 ,  31]  =  -0.0178048
  [41 ,  31]  =  -0.000608615
  [42 ,  31]  =  -0.0158102
  [43 ,  31]  =  -0.0115869
  [44 ,  31]  =  -0.00723336
  [45 ,  31]  =  -0.0124722
  [46 ,  31]  =  -0.00376865
  [47 ,  31]  =  -0.015965
  [48 ,  31]  =  -0.00489863
  [49 ,  31]  =  -0.00960791
  [50 ,  31]  =  -0.00604165
  [26 ,  32]  =  -0.00846529
  [27 ,  32]  =  -0.00215438
  [28 ,  32]  =  -0.00143371
  [29 ,  32]  =  -0.00833842
  [30 ,  32]  =  -0.0137812
  [31 ,  32]  =  -0.00584589
  [32 ,  32]  =  -0.171892
  [33 ,  32]  =  -0.0047947
  [34 ,  32]  =  -0.00479995
  [35 ,  32]  =  -0.00614276
  [36 ,  32]  =  -0.0161701
  [37 ,  32]  =  -0.00341332
  [38 ,  32]  =  -0.00873459
  [39 ,  32]  =  -0.00622058
  [40 ,  32]  =  -0.0257894
  [41 ,  32]  =  -0.015435
  [42 ,  32]  =  -0.00969747
  [43 ,  32]  =  -0.0104826
  [44 ,  32]  =  -0.00544177
  [45 ,  32]  =  -0.00914824
  [46 ,  32]  =  -0.00928904
  [47 ,  32]  =  -0.013839
  [48 ,  32]  =  0.00595137
  [49 ,  32]  =  -0.0129844
  [50 ,  32]  =  -0.00439357
  [26 ,  33]  =  -0.0146774
  [27 ,  33]  =  -0.00949275
  [28 ,  33]  =  -0.0436578
  [29 ,  33]  =  -0.00711361
  [30 ,  33]  =  -0.00985055
  [31 ,  33]  =  -0.0101601
  [32 ,  33]  =  -0.0047947
  [33 ,  33]  =  -0.373077
  [34 ,  33]  =  0.00397162
  [35 ,  33]  =  0.000427346
  [36 ,  33]  =  -0.00728249
  [37 ,  33]  =  -0.0104103
  [38 ,  33]  =  0.00526307
  [39 ,  33]  =  0.00892972
  [40 ,  33]  =  -0.0039815
  [41 ,  33]  =  -0.00143041
  [42 ,  33]  =  0.00943226
  [43 ,  33]  =  -0.00377954
  [44 ,  33]  =  -0.0210215
  [45 ,  33]  =  0.00718746
  [46 ,  33]  =  -0.0260654
  [47 ,  33]  =  -0.0102888
  [48 ,  33]  =  -0.00373599
  [49 ,  33]  =  -0.00128861
  [50 ,  33]  =  -0.0037421
  [26 ,  34]  =  -0.0106538
  [27 ,  34]  =  -0.033232
  [28 ,  34]  =  0.000731559
  [29 ,  34]  =  -0.000709041
  [30 ,  34]  =  -0.00600713
  [31 ,  34]  =  0.00531973
  [32 ,  34]  =  -0.00479995
  [33 ,  34]  =  0.00397162
  [34 ,  34]  =  -0.473086
  [35 ,  34]  =  0.00456301
  [36 ,  34]  =  -0.00681214
  [37 ,  34]  =  -0.0138111
  [38 ,  34]  =  -0.0160171
  [39 ,  34]  =  -0.0339197
  [40 ,  34]  =  -0.0475236
  [41 ,  34]  =  -0.00947983
  [42 ,  34]  =  0.00555635
  [43 ,  34]  =  -0.0176047
  [44 ,  34]  =  -0.0105448
  [45 ,  34]  =  -0.0240312
  [46 ,  34]  =  -0.00997701
  [47 ,  34]  =  -0.0210935
  [48 ,  34]  =  -0.149599
  [49 ,  34]  =  -0.00611816
  [50 ,  34]  =  -0.00967042
  [26 ,  35]  =  -0.000433609
  [27 ,  35]  =  -0.00769741
  [28 ,  35]  =  -0.0220343
  [29 ,  35]  =  -0.00560355
  [30 ,  35]  =  0.00546006
  [31 ,  35]  =  0.00769079
  [32 ,  35]  =  -0.00614276
  [33 ,  35]  =  0.000427346
  [34 ,  35]  =  0.00456301
  [35 ,  35]  =  -0.371702
  [36 ,  35]  =  -0.0152363
  [37 ,  35]  =  -0.0058637
  [38 ,  35]  =  0.00987221
  [39 ,  35]  =  -0.020958
  [40 ,  35]  =  -0.0122326
  [41 ,  35]  =  0.00345532
  [42 ,  35]  =  -0.00730726
  [43 ,  35]  =  -0.0126417
  [44 ,  35]  =  0.00533566
  [45 ,  35]  =  -0.00789741
  [46 ,  35]  =  0.00731841
  [47 ,  35]  =  -0.0113531
  [48 ,  35]  =  -0.0173578
  [49 ,  35]  =  -0.0147233
  [50 ,  35]  =  -0.0294662
  [26 ,  36]  =  -0.0145839
