#SOLVERNAME# ECOS
#SOLVER# ECOS.ECOSSolver(Any[(:verbose, true)])
#INSTANCE# _1.499548581223201e9.cbf.gz
#TIMELIMIT# 300.0
#ERROR# MethodError(MathProgBase.SolverInterface.getsolvetime, (ECOS.ECOSMathProgModel(60, 97, 97, 30, 61, 6, [6, 6, 6, 6, 6, 6], 0, 
  [1 ,  1]  =  -1.0
  [31,  1]  =  1.0
  [32,  1]  =  1.0
  [2 ,  2]  =  -1.0
  [31,  2]  =  1.0
  [33,  2]  =  1.0
  [3 ,  3]  =  -1.0
  [31,  3]  =  1.0
  [34,  3]  =  1.0
  [4 ,  4]  =  -1.0
  [31,  4]  =  1.0
  [35,  4]  =  1.0
  [5 ,  5]  =  -1.0
  [31,  5]  =  1.0
  [36,  5]  =  1.0
  [6 ,  6]  =  -1.0
  [31,  6]  =  1.0
  [37,  6]  =  1.0
  [7 ,  7]  =  -1.0
  [31,  7]  =  1.0
  [38,  7]  =  1.0
  [8 ,  8]  =  -1.0
  [31,  8]  =  1.0
  [39,  8]  =  1.0
  [9 ,  9]  =  -1.0
  [31,  9]  =  1.0
  [40,  9]  =  1.0
  [10, 10]  =  -1.0
  [31, 10]  =  1.0
  [41, 10]  =  1.0
  [11, 11]  =  -1.0
  [31, 11]  =  1.0
  [42, 11]  =  1.0
  [12, 12]  =  -1.0
  [31, 12]  =  1.0
  [43, 12]  =  1.0
  [13, 13]  =  -1.0
  [31, 13]  =  1.0
  [44, 13]  =  1.0
  [14, 14]  =  -1.0
  [31, 14]  =  1.0
  [45, 14]  =  1.0
  [15, 15]  =  -1.0
  [31, 15]  =  1.0
  [46, 15]  =  1.0
  [16, 16]  =  -1.0
  [31, 16]  =  1.0
  [47, 16]  =  1.0
  [17, 17]  =  -1.0
  [31, 17]  =  1.0
  [48, 17]  =  1.0
  [18, 18]  =  -1.0
  [31, 18]  =  1.0
  [49, 18]  =  1.0
  [19, 19]  =  -1.0
  [31, 19]  =  1.0
  [50, 19]  =  1.0
  [20, 20]  =  -1.0
  [31, 20]  =  1.0
  [51, 20]  =  1.0
  [21, 21]  =  -1.0
  [31, 21]  =  1.0
  [52, 21]  =  1.0
  [22, 22]  =  -1.0
  [31, 22]  =  1.0
  [53, 22]  =  1.0
  [23, 23]  =  -1.0
  [31, 23]  =  1.0
  [54, 23]  =  1.0
  [24, 24]  =  -1.0
  [31, 24]  =  1.0
  [55, 24]  =  1.0
  [25, 25]  =  -1.0
  [31, 25]  =  1.0
  [56, 25]  =  1.0
  [26, 26]  =  -1.0
  [31, 26]  =  1.0
  [57, 26]  =  1.0
  [27, 27]  =  -1.0
  [31, 27]  =  1.0
  [58, 27]  =  1.0
  [28, 28]  =  -1.0
  [31, 28]  =  1.0
  [59, 28]  =  1.0
  [29, 29]  =  -1.0
  [31, 29]  =  1.0
  [60, 29]  =  1.0
  [30, 30]  =  -1.0
  [31, 30]  =  1.0
  [61, 30]  =  1.0
  [63, 31]  =  -1.0
  [64, 32]  =  -1.0
  [65, 33]  =  -1.0
  [66, 34]  =  -1.0
  [67, 35]  =  -1.0
  [69, 36]  =  -1.0
  [70, 37]  =  -1.0
  [71, 38]  =  -1.0
  [72, 39]  =  -1.0
  [73, 40]  =  -1.0
  [75, 41]  =  -1.0
  [76, 42]  =  -1.0
  [77, 43]  =  -1.0
  [78, 44]  =  -1.0
  [79, 45]  =  -1.0
  [81, 46]  =  -1.0
  [82, 47]  =  -1.0
  [83, 48]  =  -1.0
  [84, 49]  =  -1.0
  [85, 50]  =  -1.0
  [87, 51]  =  -1.0
  [88, 52]  =  -1.0
  [89, 53]  =  -1.0
  [90, 54]  =  -1.0
  [91, 55]  =  -1.0
  [93, 56]  =  -1.0
  [94, 57]  =  -1.0
  [95, 58]  =  -1.0
  [96, 59]  =  -1.0
  [97, 60]  =  -1.0, 
  [1 ,  1]  =  -0.174417
  [2 ,  1]  =  -0.000610635
  [3 ,  1]  =  -0.0114669
  [4 ,  1]  =  -0.00398447
  [5 ,  1]  =  -0.0207082
  [1 ,  2]  =  -0.000610635
  [2 ,  2]  =  -0.26087
  [3 ,  2]  =  -0.00660115
  [4 ,  2]  =  -0.0290351
  [5 ,  2]  =  -0.0153738
  [1 ,  3]  =  -0.0114669
  [2 ,  3]  =  -0.00660115
  [3 ,  3]  =  -0.126804
  [4 ,  3]  =  -0.0220246
  [5 ,  3]  =  -0.0157522
  [1 ,  4]  =  -0.00398447
  [2 ,  4]  =  -0.0290351
  [3 ,  4]  =  -0.0220246
  [4 ,  4]  =  -0.377167
  [5 ,  4]  =  -0.0148209
  [1 ,  5]  =  -0.0207082
  [2 ,  5]  =  -0.0153738
  [3 ,  5]  =  -0.0157522
  [4 ,  5]  =  -0.0148209
  [5 ,  5]  =  -1.02843
  [6 ,  6]  =  -0.220418
  [7 ,  6]  =  -0.0163021
  [8 ,  6]  =  -0.0120575
  [9 ,  6]  =  -0.0118096
  [10,  6]  =  -0.0192303
  [6 ,  7]  =  -0.0163021
  [7 ,  7]  =  -0.585134
  [8 ,  7]  =  -0.00227509
  [9 ,  7]  =  -0.0253111
  [10,  7]  =  -0.0592338
  [6 ,  8]  =  -0.0120575
  [7 ,  8]  =  -0.00227509
  [8 ,  8]  =  -0.199186
  [9 ,  8]  =  -0.0170452
  [10,  8]  =  -0.00233123
  [6 ,  9]  =  -0.0118096
  [7 ,  9]  =  -0.0253111
  [8 ,  9]  =  -0.0170452
  [9 ,  9]  =  -0.606341
  [10,  9]  =  -0.0138942
  [6 , 10]  =  -0.0192303
  [7 , 10]  =  -0.0592338
  [8 , 10]  =  -0.00233123
  [9 , 10]  =  -0.0138942
  [10, 10]  =  -0.300592
  [11, 11]  =  -0.583932
  [12, 11]  =  -0.0188331
  [13, 11]  =  -0.00363944
  [14, 11]  =  -0.0235764
  [15, 11]  =  -0.0117284
  [11, 12]  =  -0.0188331
  [12, 12]  =  -0.280037
  [13, 12]  =  -0.00588936
  [14, 12]  =  -0.0166346
  [15, 12]  =  3.11202e-5
  [11, 13]  =  -0.00363944
  [12, 13]  =  -0.00588936
  [13, 13]  =  -0.261163
  [14, 13]  =  -0.00690589
  [15, 13]  =  -0.010743
  [11, 14]  =  -0.0235764
  [12, 14]  =  -0.0166346
  [13, 14]  =  -0.00690589
  [14, 14]  =  -0.245657
  [15, 14]  =  0.000255088
  [11, 15]  =  -0.0117284
  [12, 15]  =  3.11202e-5
  [13, 15]  =  -0.010743
  [14, 15]  =  0.000255088
  [15, 15]  =  -0.215729
  [16, 16]  =  -0.157492
  [17, 16]  =  -0.00554049
  [18, 16]  =  -0.0120767
  [19, 16]  =  -0.00910126
  [20, 16]  =  -0.00641782
  [16, 17]  =  -0.00554049
  [17, 17]  =  -0.834324
  [18, 17]  =  -0.00662576
  [19, 17]  =  -0.00673072
  [20, 17]  =  -0.00091525
  [16, 18]  =  -0.0120767
  [17, 18]  =  -0.00662576
  [18, 18]  =  -0.232537
  [19, 18]  =  -0.00863183
  [20, 18]  =  -0.0220527
  [16, 19]  =  -0.00910126
  [17, 19]  =  -0.00673072
  [18, 19]  =  -0.00863183
  [19, 19]  =  -0.229101
  [20, 19]  =  -0.0192048
  [16, 20]  =  -0.00641782
  [17, 20]  =  -0.00091525
  [18, 20]  =  -0.0220527
  [19, 20]  =  -0.0192048
  [20, 20]  =  -0.317717
  [21, 21]  =  -0.751536
  [22, 21]  =  -0.00521699
  [23, 21]  =  0.0132594
  [24, 21]  =  -0.0321192
  [25, 21]  =  0.00839257
  [21, 22]  =  -0.00521699
  [22, 22]  =  -0.165116
  [23, 22]  =  -0.00635836
  [24, 22]  =  0.00233836
  [25, 22]  =  -0.00614318
  [21, 23]  =  0.0132594
  [22, 23]  =  -0.00635836
  [23, 23]  =  -0.400286
  [24, 23]  =  -0.0164883
  [25, 23]  =  -0.00601356
  [21, 24]  =  -0.0321192
  [22, 24]  =  0.00233836
  [23, 24]  =  -0.0164883
  [24, 24]  =  -0.245814
  [25, 24]  =  -0.0138914
  [21, 25]  =  0.00839257
  [22, 25]  =  -0.00614318
  [23, 25]  =  -0.00601356
  [24, 25]  =  -0.0138914
  [25, 25]  =  -0.730461
  [26, 26]  =  -0.184953
  [27, 26]  =  -0.002783
  [28, 26]  =  -0.012271
  [29, 26]  =  -0.000514353
  [30, 26]  =  -0.00353222
  [26, 27]  =  -0.002783
  [27, 27]  =  -0.258789
  [28, 27]  =  -0.00346656
  [29, 27]  =  -0.0176246
  [30, 27]  =  -0.00998663
  [26, 28]  =  -0.012271
  [27, 28]  =  -0.00346656
  [28, 28]  =  -0.176658
  [29, 28]  =  -0.0115592
  [30, 28]  =  0.00300614
  [26, 29]  =  -0.000514353
  [27, 29]  =  -0.0176246
  [28, 29]  =  -0.0115592
  [29, 29]  =  -0.319225
  [30, 29]  =  -0.023661
  [26, 30]  =  -0.00353222
  [27, 30]  =  -0.00998663
  [28, 30]  =  0.00300614
  [29, 30]  =  -0.023661
  [30, 30]  =  -0.436102
  [1 , 31]  =  1.0
  [2 , 32]  =  1.0
  [3 , 33]  =  1.0
  [4 , 34]  =  1.0
  [5 , 35]  =  1.0
  [6 , 36]  =  1.0
  [7 , 37]  =  1.0
  [8 , 38]  =  1.0
  [9 , 39]  =  1.0
  [10, 40]  =  1.0
  [11, 41]  =  1.0
  [12, 42]  =  1.0
  [13, 43]  =  1.0
  [14, 44]  =  1.0
  [15, 45]  =  1.0
  [16, 46]  =  1.0
  [17, 47]  =  1.0
  [18, 48]  =  1.0
  [19, 49]  =  1.0
  [20, 50]  =  1.0
  [21, 51]  =  1.0
  [22, 52]  =  1.0
  [23, 53]  =  1.0
  [24, 54]  =  1.0
  [25, 55]  =  1.0
  [26, 56]  =  1.0
  [27, 57]  =  1.0
  [28, 58]  =  1.0
  [29, 59]  =  1.0
  [30, 60]  =  1.0, [-0.0273642, -0.0434943, -0.0115928, -0.0678674, -0.123613, -0.0651633, -0.106416, -0.0211692, -0.0791309, -0.0501755, -0.143797, -0.0254159, -0.0613428, -0.0501484, -0.0220927, -0.0191749, -0.125871, -0.0362095, -0.0239289, -0.0570579, -0.0788996, -0.0123991, -0.0995243, -0.0447966, -0.123613, -0.0333203, -0.0435638, -0.0439477, -0.0832698, -0.123248, 0.0, 0.0, 0.0, 0.0, 0.0, 0.0, 0.0, 0.0, 0.0, 0.0, 0.0, 0.0, 0.0, 0.0, 0.0, 0.0, 0.0, 0.0, 0.0, 0.0, 0.0, 0.0, 0.0, 0.0, 0.0, 0.0, 0.0, 0.0, 0.0, 0.0], :Min, [0.0, 0.0, 0.0, 0.0, 0.0, 0.0, 0.0, 0.0, 0.0, 0.0, 0.0, 0.0, 0.0, 0.0, 0.0, 0.0, 0.0, 0.0, 0.0, 0.0, 0.0, 0.0, 0.0, 0.0, 0.0, 0.0, 0.0, 0.0, 0.0, 0.0, 1.0, 0.0, 0.0, 0.0, 1.0, 1.0, 1.0, 1.0, 0.0, 0.0, 0.0, 1.0, 0.0, 0.0, 0.0, 0.0, 0.0, 1.0, 0.0, 0.0, 1.0, 0.0, 0.0, 1.0, 0.0, 1.0, 0.0, 0.0, 0.0, 0.0, 1.0, 0.05, 0.0, 0.0, 0.0, 0.0, 0.0, 0.05, 0.0, 0.0, 0.0, 0.0, 0.0, 0.05, 0.0, 0.0, 0.0, 0.0, 0.0, 0.05, 0.0, 0.0, 0.0, 0.0, 0.0, 0.05, 0.0, 0.0, 0.0, 0.0, 0.0, 0.05, 0.0, 0.0, 0.0, 0.0, 0.0], [0.0, 0.0, 0.0, 0.0, 0.0, 0.0, 0.0, 0.0, 0.0, 0.0, 0.0, 0.0, 0.0, 0.0, 0.0, 0.0, 0.0, 0.0, 0.0, 0.0, 0.0, 0.0, 0.0, 0.0, 0.0, 0.0, 0.0, 0.0, 0.0, 0.0], :Optimal, -0.07986025465410984, [-1.95174e-14, 4.04164e-14, -1.22569e-13, 0.10837, 0.0255428, 0.188868, 0.0387407, -6.10989e-14, 2.34315e-13, 2.03871e-14, 0.0854935, -4.3457e-14, 1.88013e-13, 8.72574e-14, -4.82216e-14, -5.90592e-14, 0.0385052, 1.50319e-14, -4.99151e-14, 0.119535, 5.22559e-13, -9.58466e-14, 0.102536, 7.02541e-14, 0.0375934, 3.60304e-14, 8.55055e-14, 1.06422e-13, 2.75677e-13, 0.114447, 0.000960743, 0.00353923, 0.00278917, 0.0412523, 0.0278751, 0.0422615, 0.0257474, 0.00236542, 0.00321103, 0.00592675, 0.0499224, 0.00161011, 0.000311148, 0.00201563, 0.0010027, 0.000980494, 0.0322352, 0.0028912, 0.00255482, 0.0380137, -0.00167507, 0.000882904, 0.0412698, 0.00221287, 0.0280771, 0.000404253, 0.00114294, -0.000344045, 0.00270794, 0.0499107], [-0.00403993, -0.0148822, -0.0117282, -0.173461, -0.117212, -0.277741, -0.169211, -0.015546, -0.0211049, -0.0389511, -0.245492, -0.00791783, -0.00153032, -0.00991199, -0.00493088, -0.00457589, -0.150438, -0.0134929, -0.0119231, -0.177404, 0.00994631, -0.00524574, -0.245173, -0.0131474, -0.166799, -0.00228133, -0.00644928, 0.00194072, -0.0152792, -0.281605], [0.533318, 0.527591, 0.543507, 3.12762e-11, 7.08796e-11, 2.50483e-11, 2.66363e-11, 0.538461, 0.513217, 0.531095, 3.01251e-11, 0.535589, 0.514487, 0.522925, 0.536207, 0.537492, 4.20572e-11, 0.530553, 0.536803, 3.168e-11, 0.500381, 0.54133, 3.28025e-11, 0.526125, 3.18017e-11, 0.529149, 0.525001, 0.522579, 0.507232, 2.34922e-11, 4.88372e-11, 0.556715, 0.560284, 0.547801, 3.97902e-12, 3.71702e-12, 3.95428e-12, 3.92279e-12, 0.55235, 0.571182, 0.553869, 3.95317e-12, 0.553991, 0.574369, 0.564709, 0.554343, 0.553703, 3.79739e-12, 0.558558, 0.553423, 3.98486e-12, 0.590957, 0.550362, 3.93577e-12, 0.561662, 3.80382e-12, 0.561051, 0.563815, 0.567489, 0.578869, 4.15655e-12, 0.210245, -0.00403993, -0.0148822, -0.0117282, -0.173461, -0.117212, 0.328598, -0.277741, -0.169211, -0.015546, -0.0211049, -0.0389511, 0.245873, -0.245492, -0.00791783, -0.00153032, -0.00991199, -0.00493088, 0.233343, -0.00457589, -0.150438, -0.0134929, -0.0119231, -0.177404, 0.297037, 0.00994631, -0.00524574, -0.245173, -0.0131474, -0.166799, 0.282109, -0.00228133, -0.00644928, 0.00194072, -0.0152792, -0.281605], [1, 2, 3, 4, 5, 6, 7, 8, 9, 10, 11, 12, 13, 14, 15, 16, 17, 18, 19, 20, 21, 22, 23, 24, 25, 26, 27, 28, 29, 30, 0, 0, 0, 0, 0, 0, 0, 0, 0, 0, 0, 0, 0, 0, 0, 0, 0, 0, 0, 0, 0, 0, 0, 0, 0, 0, 0, 0, 0, 0], Symbol[:NonNeg, :NonNeg, :NonNeg, :NonNeg, :NonNeg, :NonNeg, :NonNeg, :NonNeg, :NonNeg, :NonNeg, :NonNeg, :NonNeg, :NonNeg, :NonNeg, :NonNeg, :NonNeg, :NonNeg, :NonNeg, :NonNeg, :NonNeg, :NonNeg, :NonNeg, :NonNeg, :NonNeg, :NonNeg, :NonNeg, :NonNeg, :NonNeg, :NonNeg, :NonNeg, :Free, :Free, :Free, :Free, :Free, :Free, :Free, :Free, :Free, :Free, :Free, :Free, :Free, :Free, :Free, :Free, :Free, :Free, :Free, :Free, :Free, :Free, :Free, :Free, :Free, :Free, :Free, :Free, :Free, :Free], [31, 32, 33, 34, 35, 36, 37, 38, 39, 40, 41, 42, 43, 44, 45, 46, 47, 48, 49, 50, 51, 52, 53, 54, 55, 56, 57, 58, 59, 60, 61, 1, 2, 3, 4, 5, 6, 7, 8, 9, 10, 11, 12, 13, 14, 15, 16, 17, 18, 19, 20, 21, 22, 23, 24, 25, 26, 27, 28, 29, 30, 62, 63, 64, 65, 66, 67, 68, 69, 70, 71, 72, 73, 74, 75, 76, 77, 78, 79, 80, 81, 82, 83, 84, 85, 86, 87, 88, 89, 90, 91, 92, 93, 94, 95, 96, 97], Symbol[:NonNeg, :NonNeg, :NonNeg, :NonNeg, :NonNeg, :NonNeg, :NonNeg, :NonNeg, :NonNeg, :NonNeg, :NonNeg, :NonNeg, :NonNeg, :NonNeg, :NonNeg, :NonNeg, :NonNeg, :NonNeg, :NonNeg, :NonNeg, :NonNeg, :NonNeg, :NonNeg, :NonNeg, :NonNeg, :NonNeg, :NonNeg, :NonNeg, :NonNeg, :NonNeg, :NonNeg, :Zero, :Zero, :Zero, :Zero, :Zero, :Zero, :Zero, :Zero, :Zero, :Zero, :Zero, :Zero, :Zero, :Zero, :Zero, :Zero, :Zero, :Zero, :Zero, :Zero, :Zero, :Zero, :Zero, :Zero, :Zero, :Zero, :Zero, :Zero, :Zero, :Zero, :SOC, :SOC, :SOC, :SOC, :SOC, :SOC, :SOC, :SOC, :SOC, :SOC, :SOC, :SOC, :SOC, :SOC, :SOC, :SOC, :SOC, :SOC, :SOC, :SOC, :SOC, :SOC, :SOC, :SOC, :SOC, :SOC, :SOC, :SOC, :SOC, :SOC, :SOC, :SOC, :SOC, :SOC, :SOC, :SOC], [1, 2, 3, 4, 5, 6, 7, 8, 9, 10, 11, 12, 13, 14, 15, 16, 17, 18, 19, 20, 21, 22, 23, 24, 25, 26, 27, 28, 29, 30, 31, 32, 33, 34, 35, 36, 37, 38, 39, 40, 41, 42, 43, 44, 45, 46, 47, 48, 49, 50, 51, 52, 53, 54, 55, 56, 57, 58, 59, 60], Any[(:verbose, true)]),), 0x0000000000005540)

ECOS 2.0.5 - (C) embotech GmbH, Zurich Switzerland, 2012-15. Web: www.embotech.com/ECOS

It     pcost       dcost      gap   pres   dres    k/t    mu     step   sigma     IR    |   BT
 0  -2.850e-01  -1.184e+01  +1e+02  6e-01  6e-01  1e+00  1e+00    ---    ---    1  1  - |  -  - 
 1  -1.749e-01  -6.451e-01  +2e+01  1e-01  8e-02  1e+00  4e-01  0.9145  2e-01   1  1  1 |  0  0
 2  -1.068e-01  -2.403e-01  +3e+00  9e-03  7e-03  9e-03  5e-02  0.8890  3e-03   1  1  1 |  0  0
 3  -1.037e-01  -1.828e-01  +2e+00  6e-03  4e-03  6e-03  2e-02  0.5733  2e-01   2  2  2 |  0  0
 4  -9.135e-02  -1.228e-01  +5e-01  3e-03  1e-03  3e-03  8e-03  0.8622  2e-01   2  2  2 |  0  0
 5  -8.709e-02  -1.075e-01  +3e-01  2e-03  7e-04  2e-03  5e-03  0.5121  2e-01   2  2  2 |  0  0
 6  -8.121e-02  -8.404e-02  +5e-02  2e-04  1e-04  2e-04  7e-04  0.9890  1e-01   2  2  2 |  0  0
 7  -7.989e-02  -7.996e-02  +1e-03  6e-06  3e-06  4e-06  2e-05  0.9765  7e-04   2  1  1 |  0  0
 8  -7.986e-02  -7.986e-02  +2e-05  1e-07  5e-08  8e-08  3e-07  0.9807  1e-04   2  1  1 |  0  0
 9  -7.986e-02  -7.986e-02  +8e-07  4e-09  2e-09  3e-09  1e-08  0.9656  4e-04   2  1  1 |  0  0
10  -7.986e-02  -7.986e-02  +2e-08  1e-10  4e-11  7e-11  3e-10  0.9749  2e-04   2  1  1 |  0  0
11  -7.986e-02  -7.986e-02  +1e-09  5e-12  2e-12  4e-12  2e-11  0.9498  2e-04   1  1  1 |  0  0

OPTIMAL (within feastol=5.1e-12, reltol=1.3e-08, abstol=1.0e-09).
Runtime: 0.001060 seconds.

