#SOLVERNAME# SCS
#SOLVER# SCS.SCSSolver(Any[(:verbose, 1), (:eps, 0.0001), (:max_iters, 50000)])
#INSTANCE# _1.499548474383636e9.cbf.gz
#TIMELIMIT# 300.0
#ERROR# MethodError(MathProgBase.SolverInterface.getsolvetime, (SCS.SCSMathProgModel(505, 240, 385, 240, 
  [1  ,   1]  =  -1.02843
  [2  ,   1]  =  1.88477e-5
  [3  ,   1]  =  -0.000280645
  [4  ,   1]  =  -0.0135499
  [5  ,   1]  =  0.00115908
  [121,   1]  =  1.0
  [122,   1]  =  1.0
  [242,   1]  =  -1.0
  [1  ,   2]  =  1.88477e-5
  [2  ,   2]  =  -0.189107
  [3  ,   2]  =  -0.0314223
  [4  ,   2]  =  -0.012435
  [5  ,   2]  =  -0.0319132
  [121,   2]  =  1.0
  [123,   2]  =  1.0
  [243,   2]  =  -1.0
  [1  ,   3]  =  -0.000280645
  [2  ,   3]  =  -0.0314223
  [3  ,   3]  =  -0.120105
  [4  ,   3]  =  -0.0125558
  [5  ,   3]  =  -0.0362582
  [121,   3]  =  1.0
  [124,   3]  =  1.0
  [244,   3]  =  -1.0
  [1  ,   4]  =  -0.0135499
  [2  ,   4]  =  -0.012435
  [3  ,   4]  =  -0.0125558
  [4  ,   4]  =  -0.539826
  [5  ,   4]  =  -0.0149971
  [121,   4]  =  1.0
  [125,   4]  =  1.0
  [245,   4]  =  -1.0
  [1  ,   5]  =  0.00115908
  [2  ,   5]  =  -0.0319132
  [3  ,   5]  =  -0.0362582
  [4  ,   5]  =  -0.0149971
  [5  ,   5]  =  -0.135921
  [121,   5]  =  1.0
  [126,   5]  =  1.0
  [246,   5]  =  -1.0
  [6  ,   6]  =  -0.600937
  [7  ,   6]  =  -0.0337879
  [8  ,   6]  =  -0.0388871
  [9  ,   6]  =  -0.0109358
  [10 ,   6]  =  0.0038896
  [121,   6]  =  1.0
  [127,   6]  =  1.0
  [247,   6]  =  -1.0
  [6  ,   7]  =  -0.0337879
  [7  ,   7]  =  -0.204107
  [8  ,   7]  =  -0.0304446
  [9  ,   7]  =  -0.013286
  [10 ,   7]  =  -0.0222642
  [121,   7]  =  1.0
  [128,   7]  =  1.0
  [248,   7]  =  -1.0
  [6  ,   8]  =  -0.0388871
  [7  ,   8]  =  -0.0304446
  [8  ,   8]  =  -0.664126
  [9  ,   8]  =  -0.0128351
  [10 ,   8]  =  -0.0210617
  [121,   8]  =  1.0
  [129,   8]  =  1.0
  [249,   8]  =  -1.0
  [6  ,   9]  =  -0.0109358
  [7  ,   9]  =  -0.013286
  [8  ,   9]  =  -0.0128351
  [9  ,   9]  =  -0.218775
  [10 ,   9]  =  -0.14612
  [121,   9]  =  1.0
  [130,   9]  =  1.0
  [250,   9]  =  -1.0
  [6  ,  10]  =  0.0038896
  [7  ,  10]  =  -0.0222642
  [8  ,  10]  =  -0.0210617
  [9  ,  10]  =  -0.14612
  [10 ,  10]  =  -2.23305
  [121,  10]  =  1.0
  [131,  10]  =  1.0
  [251,  10]  =  -1.0
  [11 ,  11]  =  -0.343769
  [12 ,  11]  =  -0.00619362
  [13 ,  11]  =  -0.00673215
  [14 ,  11]  =  -0.0295247
  [15 ,  11]  =  -0.235965
  [121,  11]  =  1.0
  [132,  11]  =  1.0
  [252,  11]  =  -1.0
  [11 ,  12]  =  -0.00619362
  [12 ,  12]  =  -0.40882
  [13 ,  12]  =  -0.0247147
  [14 ,  12]  =  -0.0353125
  [15 ,  12]  =  -0.0441908
  [121,  12]  =  1.0
  [133,  12]  =  1.0
  [253,  12]  =  -1.0
  [11 ,  13]  =  -0.00673215
  [12 ,  13]  =  -0.0247147
  [13 ,  13]  =  -0.196918
  [14 ,  13]  =  -0.0103755
  [15 ,  13]  =  -0.0605765
  [121,  13]  =  1.0
  [134,  13]  =  1.0
  [254,  13]  =  -1.0
  [11 ,  14]  =  -0.0295247
  [12 ,  14]  =  -0.0353125
  [13 ,  14]  =  -0.0103755
  [14 ,  14]  =  -0.429237
  [15 ,  14]  =  -0.0378197
  [121,  14]  =  1.0
  [135,  14]  =  1.0
  [255,  14]  =  -1.0
  [11 ,  15]  =  -0.235965
  [12 ,  15]  =  -0.0441908
  [13 ,  15]  =  -0.0605765
  [14 ,  15]  =  -0.0378197
  [15 ,  15]  =  -2.2251
  [121,  15]  =  1.0
  [136,  15]  =  1.0
  [256,  15]  =  -1.0
  [16 ,  16]  =  -0.318116
  [17 ,  16]  =  -0.00251831
  [18 ,  16]  =  -0.00257059
  [19 ,  16]  =  -0.0038176
  [20 ,  16]  =  -0.0147424
  [121,  16]  =  1.0
  [137,  16]  =  1.0
  [257,  16]  =  -1.0
  [16 ,  17]  =  -0.00251831
  [17 ,  17]  =  -0.255568
  [18 ,  17]  =  -0.0270591
  [19 ,  17]  =  -0.011396
  [20 ,  17]  =  -0.00404056
  [121,  17]  =  1.0
  [138,  17]  =  1.0
  [258,  17]  =  -1.0
  [16 ,  18]  =  -0.00257059
  [17 ,  18]  =  -0.0270591
  [18 ,  18]  =  -0.834324
  [19 ,  18]  =  0.00306592
  [20 ,  18]  =  -0.0360901
  [121,  18]  =  1.0
  [139,  18]  =  1.0
  [259,  18]  =  -1.0
  [16 ,  19]  =  -0.0038176
  [17 ,  19]  =  -0.011396
  [18 ,  19]  =  0.00306592
  [19 ,  19]  =  -0.147605
  [20 ,  19]  =  -0.0119048
  [121,  19]  =  1.0
  [140,  19]  =  1.0
  [260,  19]  =  -1.0
  [16 ,  20]  =  -0.0147424
  [17 ,  20]  =  -0.00404056
  [18 ,  20]  =  -0.0360901
  [19 ,  20]  =  -0.0119048
  [20 ,  20]  =  -0.280107
  [121,  20]  =  1.0
  [141,  20]  =  1.0
  [261,  20]  =  -1.0
  [21 ,  21]  =  -0.487568
  [22 ,  21]  =  0.0014316
  [23 ,  21]  =  -0.00748037
  [24 ,  21]  =  -0.000445418
  [25 ,  21]  =  -0.0199207
  [121,  21]  =  1.0
  [142,  21]  =  1.0
  [262,  21]  =  -1.0
  [21 ,  22]  =  0.0014316
  [22 ,  22]  =  -0.197283
  [23 ,  22]  =  -0.00287304
  [24 ,  22]  =  -0.00338209
  [25 ,  22]  =  -0.0157756
  [121,  22]  =  1.0
  [143,  22]  =  1.0
  [263,  22]  =  -1.0
  [21 ,  23]  =  -0.00748037
  [22 ,  23]  =  -0.00287304
  [23 ,  23]  =  -0.207966
  [24 ,  23]  =  -0.0723698
  [25 ,  23]  =  -0.0264987
  [121,  23]  =  1.0
  [144,  23]  =  1.0
  [264,  23]  =  -1.0
  [21 ,  24]  =  -0.000445418
  [22 ,  24]  =  -0.00338209
  [23 ,  24]  =  -0.0723698
  [24 ,  24]  =  -0.168696
  [25 ,  24]  =  -0.00754321
  [121,  24]  =  1.0
  [145,  24]  =  1.0
  [265,  24]  =  -1.0
  [21 ,  25]  =  -0.0199207
  [22 ,  25]  =  -0.0157756
  [23 ,  25]  =  -0.0264987
  [24 ,  25]  =  -0.00754321
  [25 ,  25]  =  -0.244607
  [121,  25]  =  1.0
  [146,  25]  =  1.0
  [266,  25]  =  -1.0
  [26 ,  26]  =  -0.254394
  [27 ,  26]  =  -0.0141073
  [28 ,  26]  =  -0.00978138
  [29 ,  26]  =  -0.000720283
  [30 ,  26]  =  -0.0271496
  [121,  26]  =  1.0
  [147,  26]  =  1.0
  [267,  26]  =  -1.0
  [26 ,  27]  =  -0.0141073
  [27 ,  27]  =  -0.519359
  [28 ,  27]  =  0.00322509
  [29 ,  27]  =  -0.577522
  [30 ,  27]  =  -0.0327812
  [121,  27]  =  1.0
  [148,  27]  =  1.0
  [268,  27]  =  -1.0
  [26 ,  28]  =  -0.00978138
  [27 ,  28]  =  0.00322509
  [28 ,  28]  =  -0.301894
  [29 ,  28]  =  -0.00327192
  [30 ,  28]  =  -0.00880966
  [121,  28]  =  1.0
  [149,  28]  =  1.0
  [269,  28]  =  -1.0
  [26 ,  29]  =  -0.000720283
  [27 ,  29]  =  -0.577522
  [28 ,  29]  =  -0.00327192
  [29 ,  29]  =  -1.96465
  [30 ,  29]  =  -0.0357826
  [121,  29]  =  1.0
  [150,  29]  =  1.0
  [270,  29]  =  -1.0
  [26 ,  30]  =  -0.0271496
  [27 ,  30]  =  -0.0327812
  [28 ,  30]  =  -0.00880966
  [29 ,  30]  =  -0.0357826
  [30 ,  30]  =  -0.184953
  [121,  30]  =  1.0
  [151,  30]  =  1.0
  [271,  30]  =  -1.0
  [31 ,  31]  =  -0.160639
  [32 ,  31]  =  -0.00576978
  [33 ,  31]  =  -0.00850395
  [34 ,  31]  =  -0.0215147
  [35 ,  31]  =  -0.00560406
  [121,  31]  =  1.0
  [152,  31]  =  1.0
  [272,  31]  =  -1.0
  [31 ,  32]  =  -0.00576978
  [32 ,  32]  =  -0.164625
  [33 ,  32]  =  -0.0111223
  [34 ,  32]  =  0.00993794
  [35 ,  32]  =  -0.0205048
  [121,  32]  =  1.0
  [153,  32]  =  1.0
  [273,  32]  =  -1.0
  [31 ,  33]  =  -0.00850395
  [32 ,  33]  =  -0.0111223
  [33 ,  33]  =  -0.491692
  [34 ,  33]  =  -0.0435072
  [35 ,  33]  =  -0.00934063
  [121,  33]  =  1.0
  [154,  33]  =  1.0
  [274,  33]  =  -1.0
  [31 ,  34]  =  -0.0215147
  [32 ,  34]  =  0.00993794
  [33 ,  34]  =  -0.0435072
  [34 ,  34]  =  -0.520812
  [35 ,  34]  =  0.00299858
  [121,  34]  =  1.0
  [155,  34]  =  1.0
  [275,  34]  =  -1.0
  [31 ,  35]  =  -0.00560406
  [32 ,  35]  =  -0.0205048
  [33 ,  35]  =  -0.00934063
  [34 ,  35]  =  0.00299858
  [35 ,  35]  =  -0.29031
  [121,  35]  =  1.0
  [156,  35]  =  1.0
  [276,  35]  =  -1.0
  [36 ,  36]  =  -0.38082
  [37 ,  36]  =  -0.0100145
  [38 ,  36]  =  -0.0257781
  [39 ,  36]  =  -0.000432312
  [40 ,  36]  =  -0.0161907
  [121,  36]  =  1.0
  [157,  36]  =  1.0
  [277,  36]  =  -1.0
  [36 ,  37]  =  -0.0100145
  [37 ,  37]  =  -0.280854
  [38 ,  37]  =  -0.00420989
  [39 ,  37]  =  -0.0168803
  [40 ,  37]  =  -0.0268598
  [121,  37]  =  1.0
  [158,  37]  =  1.0
  [278,  37]  =  -1.0
  [36 ,  38]  =  -0.0257781
  [37 ,  38]  =  -0.00420989
  [38 ,  38]  =  -0.669532
  [39 ,  38]  =  -0.0103413
  [40 ,  38]  =  -0.0494598
  [121,  38]  =  1.0
  [159,  38]  =  1.0
  [279,  38]  =  -1.0
  [36 ,  39]  =  -0.000432312
  [37 ,  39]  =  -0.0168803
  [38 ,  39]  =  -0.0103413
  [39 ,  39]  =  -0.226592
  [40 ,  39]  =  -0.0376343
  [121,  39]  =  1.0
  [160,  39]  =  1.0
  [280,  39]  =  -1.0
  [36 ,  40]  =  -0.0161907
  [37 ,  40]  =  -0.0268598
  [38 ,  40]  =  -0.0494598
  [39 ,  40]  =  -0.0376343
  [40 ,  40]  =  -0.271776
  [121,  40]  =  1.0
  [161,  40]  =  1.0
  [281,  40]  =  -1.0
  [41 ,  41]  =  -0.181794
  [42 ,  41]  =  -0.00606634
  [43 ,  41]  =  -0.0179671
  [44 ,  41]  =  -0.00409742
  [45 ,  41]  =  0.00423141
  [121,  41]  =  1.0
  [162,  41]  =  1.0
  [282,  41]  =  -1.0
  [41 ,  42]  =  -0.00606634
  [42 ,  42]  =  -0.199868
  [43 ,  42]  =  0.00477557
  [44 ,  42]  =  -0.000327562
  [45 ,  42]  =  -0.00247971
  [121,  42]  =  1.0
  [163,  42]  =  1.0
  [283,  42]  =  -1.0
  [41 ,  43]  =  -0.0179671
  [42 ,  43]  =  0.00477557
  [43 ,  43]  =  -0.859975
  [44 ,  43]  =  -0.00357212
  [45 ,  43]  =  -0.0100004
  [121,  43]  =  1.0
  [164,  43]  =  1.0
  [284,  43]  =  -1.0
  [41 ,  44]  =  -0.00409742
  [42 ,  44]  =  -0.000327562
  [43 ,  44]  =  -0.00357212
  [44 ,  44]  =  -0.133748
  [45 ,  44]  =  -0.00388747
  [121,  44]  =  1.0
  [165,  44]  =  1.0
  [285,  44]  =  -1.0
  [41 ,  45]  =  0.00423141
  [42 ,  45]  =  -0.00247971
  [43 ,  45]  =  -0.0100004
  [44 ,  45]  =  -0.00388747
  [45 ,  45]  =  -0.300172
  [121,  45]  =  1.0
  [166,  45]  =  1.0
  [286,  45]  =  -1.0
  [46 ,  46]  =  -0.241638
  [47 ,  46]  =  -0.0154634
  [48 ,  46]  =  -0.0161368
  [49 ,  46]  =  -0.0160246
  [50 ,  46]  =  -0.0135549
  [121,  46]  =  1.0
  [167,  46]  =  1.0
  [287,  46]  =  -1.0
  [46 ,  47]  =  -0.0154634
  [47 ,  47]  =  -0.224316
  [48 ,  47]  =  -0.0036364
  [49 ,  47]  =  -0.0144777
  [50 ,  47]  =  -0.0146815
  [121,  47]  =  1.0
  [168,  47]  =  1.0
  [288,  47]  =  -1.0
  [46 ,  48]  =  -0.0161368
  [47 ,  48]  =  -0.0036364
  [48 ,  48]  =  -0.402303
  [49 ,  48]  =  0.000440714
  [50 ,  48]  =  -0.016569
  [121,  48]  =  1.0
  [169,  48]  =  1.0
  [289,  48]  =  -1.0
  [46 ,  49]  =  -0.0160246
  [47 ,  49]  =  -0.0144777
  [48 ,  49]  =  0.000440714
  [49 ,  49]  =  -0.129972
  [50 ,  49]  =  -0.0141695
  [121,  49]  =  1.0
  [170,  49]  =  1.0
  [290,  49]  =  -1.0
  [46 ,  50]  =  -0.0135549
  [47 ,  50]  =  -0.0146815
  [48 ,  50]  =  -0.016569
  [49 ,  50]  =  -0.0141695
  [50 ,  50]  =  -0.188691
  [121,  50]  =  1.0
  [171,  50]  =  1.0
  [291,  50]  =  -1.0
  [51 ,  51]  =  -0.367862
  [52 ,  51]  =  -0.00660458
  [53 ,  51]  =  -0.0134237
  [54 ,  51]  =  0.00232048
  [55 ,  51]  =  -0.00994188
  [121,  51]  =  1.0
  [172,  51]  =  1.0
  [292,  51]  =  -1.0
  [51 ,  52]  =  -0.00660458
  [52 ,  52]  =  -0.134212
  [53 ,  52]  =  -0.000569135
  [54 ,  52]  =  -0.0025822
  [55 ,  52]  =  -0.00279476
  [121,  52]  =  1.0
  [173,  52]  =  1.0
  [293,  52]  =  -1.0
  [51 ,  53]  =  -0.0134237
  [52 ,  53]  =  -0.000569135
  [53 ,  53]  =  -0.199265
  [54 ,  53]  =  -0.00941347
  [55 ,  53]  =  0.00428471
  [121,  53]  =  1.0
  [174,  53]  =  1.0
  [294,  53]  =  -1.0
  [51 ,  54]  =  0.00232048
  [52 ,  54]  =  -0.0025822
  [53 ,  54]  =  -0.00941347
  [54 ,  54]  =  -0.135961
  [55 ,  54]  =  -0.0221988
  [121,  54]  =  1.0
  [175,  54]  =  1.0
  [295,  54]  =  -1.0
  [51 ,  55]  =  -0.00994188
  [52 ,  55]  =  -0.00279476
  [53 ,  55]  =  0.00428471
  [54 ,  55]  =  -0.0221988
  [55 ,  55]  =  -0.258219
  [121,  55]  =  1.0
  [176,  55]  =  1.0
  [296,  55]  =  -1.0
  [56 ,  56]  =  -0.166627
  [57 ,  56]  =  -0.00508449
  [58 ,  56]  =  -0.0113431
  [59 ,  56]  =  -0.0190587
  [60 ,  56]  =  -0.0129702
  [121,  56]  =  1.0
  [177,  56]  =  1.0
  [297,  56]  =  -1.0
  [56 ,  57]  =  -0.00508449
  [57 ,  57]  =  -0.2044
  [58 ,  57]  =  3.32973e-6
  [59 ,  57]  =  -0.0154516
  [60 ,  57]  =  0.00536782
  [121,  57]  =  1.0
  [178,  57]  =  1.0
  [298,  57]  =  -1.0
  [56 ,  58]  =  -0.0113431
  [57 ,  58]  =  3.32973e-6
  [58 ,  58]  =  -0.12694
  [59 ,  58]  =  -0.00381877
  [60 ,  58]  =  -0.00135808
  [121,  58]  =  1.0
  [179,  58]  =  1.0
  [299,  58]  =  -1.0
  [56 ,  59]  =  -0.0190587
  [57 ,  59]  =  -0.0154516
  [58 ,  59]  =  -0.00381877
  [59 ,  59]  =  -0.199398
  [60 ,  59]  =  -0.0103217
  [121,  59]  =  1.0
  [180,  59]  =  1.0
  [300,  59]  =  -1.0
  [56 ,  60]  =  -0.0129702
  [57 ,  60]  =  0.00536782
  [58 ,  60]  =  -0.00135808
  [59 ,  60]  =  -0.0103217
  [60 ,  60]  =  -0.171557
  [121,  60]  =  1.0
  [181,  60]  =  1.0
  [301,  60]  =  -1.0
  [61 ,  61]  =  -0.263263
  [62 ,  61]  =  0.00104781
  [63 ,  61]  =  -0.0135012
  [64 ,  61]  =  0.00236609
  [65 ,  61]  =  -0.0241336
  [121,  61]  =  1.0
  [182,  61]  =  1.0
  [302,  61]  =  -1.0
  [61 ,  62]  =  0.00104781
  [62 ,  62]  =  -0.188112
  [63 ,  62]  =  -0.00212753
  [64 ,  62]  =  -0.00690787
  [65 ,  62]  =  0.000458764
  [121,  62]  =  1.0
  [183,  62]  =  1.0
  [303,  62]  =  -1.0
  [61 ,  63]  =  -0.0135012
  [62 ,  63]  =  -0.00212753
  [63 ,  63]  =  -0.146046
  [64 ,  63]  =  -0.00438097
  [65 ,  63]  =  -0.00539715
  [121,  63]  =  1.0
  [184,  63]  =  1.0
  [304,  63]  =  -1.0
  [61 ,  64]  =  0.00236609
  [62 ,  64]  =  -0.00690787
  [63 ,  64]  =  -0.00438097
  [64 ,  64]  =  -0.141182
  [65 ,  64]  =  0.00169657
  [121,  64]  =  1.0
  [185,  64]  =  1.0
  [305,  64]  =  -1.0
  [61 ,  65]  =  -0.0241336
  [62 ,  65]  =  0.000458764
  [63 ,  65]  =  -0.00539715
  [64 ,  65]  =  0.00169657
  [65 ,  65]  =  -0.260164
  [121,  65]  =  1.0
  [186,  65]  =  1.0
  [306,  65]  =  -1.0
  [66 ,  66]  =  -0.165453
  [67 ,  66]  =  0.0213122
  [68 ,  66]  =  0.00311096
  [69 ,  66]  =  -0.0171924
  [70 ,  66]  =  -0.0304585
  [121,  66]  =  1.0
  [187,  66]  =  1.0
  [307,  66]  =  -1.0
  [66 ,  67]  =  0.0213122
  [67 ,  67]  =  -0.757923
  [68 ,  67]  =  -0.0103537
  [69 ,  67]  =  -0.0126075
  [70 ,  67]  =  0.0161021
  [121,  67]  =  1.0
  [188,  67]  =  1.0
  [308,  67]  =  -1.0
  [66 ,  68]  =  0.00311096
  [67 ,  68]  =  -0.0103537
  [68 ,  68]  =  -0.287707
  [69 ,  68]  =  -0.029275
  [70 ,  68]  =  -0.112849
  [121,  68]  =  1.0
  [189,  68]  =  1.0
  [309,  68]  =  -1.0
  [66 ,  69]  =  -0.0171924
  [67 ,  69]  =  -0.0126075
  [68 ,  69]  =  -0.029275
  [69 ,  69]  =  -0.558458
  [70 ,  69]  =  -0.0318941
  [121,  69]  =  1.0
  [190,  69]  =  1.0
  [310,  69]  =  -1.0
  [66 ,  70]  =  -0.0304585
  [67 ,  70]  =  0.0161021
  [68 ,  70]  =  -0.112849
  [69 ,  70]  =  -0.0318941
  [70 ,  70]  =  -0.261647
  [121,  70]  =  1.0
  [191,  70]  =  1.0
  [311,  70]  =  -1.0
  [71 ,  71]  =  -0.413668
  [72 ,  71]  =  -0.031308
  [73 ,  71]  =  -0.0290185
  [74 ,  71]  =  -0.00119271
  [75 ,  71]  =  -0.0406029
  [121,  71]  =  1.0
  [192,  71]  =  1.0
  [312,  71]  =  -1.0
  [71 ,  72]  =  -0.031308
  [72 ,  72]  =  -0.362658
  [73 ,  72]  =  -0.0218208
  [74 ,  72]  =  0.00949117
  [75 ,  72]  =  -0.003089
  [121,  72]  =  1.0
  [193,  72]  =  1.0
  [313,  72]  =  -1.0
  [71 ,  73]  =  -0.0290185
  [72 ,  73]  =  -0.0218208
  [73 ,  73]  =  -0.333545
  [74 ,  73]  =  -0.0118562
  [75 ,  73]  =  -0.0103003
  [121,  73]  =  1.0
  [194,  73]  =  1.0
  [314,  73]  =  -1.0
  [71 ,  74]  =  -0.00119271
  [72 ,  74]  =  0.00949117
  [73 ,  74]  =  -0.0118562
  [74 ,  74]  =  -0.341533
  [75 ,  74]  =  -0.0102129
  [121,  74]  =  1.0
  [195,  74]  =  1.0
  [315,  74]  =  -1.0
  [71 ,  75]  =  -0.0406029
  [72 ,  75]  =  -0.003089
  [73 ,  75]  =  -0.0103003
  [74 ,  75]  =  -0.0102129
  [75 ,  75]  =  -0.720128
  [121,  75]  =  1.0
  [196,  75]  =  1.0
  [316,  75]  =  -1.0
  [76 ,  76]  =  -0.238518
  [77 ,  76]  =  -0.00543332
  [78 ,  76]  =  -0.00717645
  [79 ,  76]  =  -0.00856918
  [80 ,  76]  =  -0.0124482
  [121,  76]  =  1.0
  [197,  76]  =  1.0
  [317,  76]  =  -1.0
  [76 ,  77]  =  -0.00543332
  [77 ,  77]  =  -0.233771
  [78 ,  77]  =  -0.0129964
  [79 ,  77]  =  -0.00322768
  [80 ,  77]  =  -0.0380774
  [121,  77]  =  1.0
  [198,  77]  =  1.0
  [318,  77]  =  -1.0
  [76 ,  78]  =  -0.00717645
  [77 ,  78]  =  -0.0129964
  [78 ,  78]  =  -1.19705
  [79 ,  78]  =  0.00411682
  [80 ,  78]  =  -0.0399018
  [121,  78]  =  1.0
  [199,  78]  =  1.0
  [319,  78]  =  -1.0
  [76 ,  79]  =  -0.00856918
  [77 ,  79]  =  -0.00322768
  [78 ,  79]  =  0.00411682
  [79 ,  79]  =  -0.166854
  [80 ,  79]  =  -0.00581917
  [121,  79]  =  1.0
  [200,  79]  =  1.0
  [320,  79]  =  -1.0
  [76 ,  80]  =  -0.0124482
  [77 ,  80]  =  -0.0380774
  [78 ,  80]  =  -0.0399018
  [79 ,  80]  =  -0.00581917
  [80 ,  80]  =  -0.3052
  [121,  80]  =  1.0
  [201,  80]  =  1.0
  [321,  80]  =  -1.0
  [81 ,  81]  =  -0.642081
  [82 ,  81]  =  -0.00545863
  [83 ,  81]  =  0.00499466
  [84 ,  81]  =  -0.000815576
  [85 ,  81]  =  -0.00637092
  [121,  81]  =  1.0
  [202,  81]  =  1.0
  [322,  81]  =  -1.0
  [81 ,  82]  =  -0.00545863
  [82 ,  82]  =  -0.217552
  [83 ,  82]  =  0.00378183
  [84 ,  82]  =  -0.0092521
  [85 ,  82]  =  -0.0106782
  [121,  82]  =  1.0
  [203,  82]  =  1.0
  [323,  82]  =  -1.0
  [81 ,  83]  =  0.00499466
  [82 ,  83]  =  0.00378183
  [83 ,  83]  =  -0.0953158
  [84 ,  83]  =  -0.00809139
  [85 ,  83]  =  -0.00111123
  [121,  83]  =  1.0
  [204,  83]  =  1.0
  [324,  83]  =  -1.0
  [81 ,  84]  =  -0.000815576
  [82 ,  84]  =  -0.0092521
  [83 ,  84]  =  -0.00809139
  [84 ,  84]  =  -0.186162
  [85 ,  84]  =  -0.00829
  [121,  84]  =  1.0
  [205,  84]  =  1.0
  [325,  84]  =  -1.0
  [81 ,  85]  =  -0.00637092
  [82 ,  85]  =  -0.0106782
  [83 ,  85]  =  -0.00111123
  [84 ,  85]  =  -0.00829
  [85 ,  85]  =  -0.147628
  [121,  85]  =  1.0
  [206,  85]  =  1.0
  [326,  85]  =  -1.0
  [86 ,  86]  =  -1.09323
  [87 ,  86]  =  0.0101978
  [88 ,  86]  =  -0.0143305
  [89 ,  86]  =  -0.00452873
  [90 ,  86]  =  -0.0334894
  [121,  86]  =  1.0
  [207,  86]  =  1.0
  [327,  86]  =  -1.0
  [86 ,  87]  =  0.0101978
  [87 ,  87]  =  -0.364618
  [88 ,  87]  =  -0.00725338
  [89 ,  87]  =  0.015683
  [90 ,  87]  =  -0.00533355
  [121,  87]  =  1.0
  [208,  87]  =  1.0
  [328,  87]  =  -1.0
  [86 ,  88]  =  -0.0143305
  [87 ,  88]  =  -0.00725338
  [88 ,  88]  =  -0.208184
  [89 ,  88]  =  -0.00112653
  [90 ,  88]  =  -0.0161207
  [121,  88]  =  1.0
  [209,  88]  =  1.0
  [329,  88]  =  -1.0
  [86 ,  89]  =  -0.00452873
  [87 ,  89]  =  0.015683
  [88 ,  89]  =  -0.00112653
  [89 ,  89]  =  -0.572028
  [90 ,  89]  =  -0.0133708
  [121,  89]  =  1.0
  [210,  89]  =  1.0
  [330,  89]  =  -1.0
  [86 ,  90]  =  -0.0334894
  [87 ,  90]  =  -0.00533355
  [88 ,  90]  =  -0.0161207
  [89 ,  90]  =  -0.0133708
  [90 ,  90]  =  -0.148476
  [121,  90]  =  1.0
  [211,  90]  =  1.0
  [331,  90]  =  -1.0
  [91 ,  91]  =  -0.217574
  [92 ,  91]  =  0.0102378
  [93 ,  91]  =  -0.0109048
  [94 ,  91]  =  -0.00321034
  [95 ,  91]  =  0.00428194
  [121,  91]  =  1.0
  [212,  91]  =  1.0
  [332,  91]  =  -1.0
  [91 ,  92]  =  0.0102378
  [92 ,  92]  =  -0.314803
  [93 ,  92]  =  0.00330952
  [94 ,  92]  =  -0.0107852
  [95 ,  92]  =  0.0122671
  [121,  92]  =  1.0
  [213,  92]  =  1.0
  [333,  92]  =  -1.0
  [91 ,  93]  =  -0.0109048
  [92 ,  93]  =  0.00330952
  [93 ,  93]  =  -0.109006
  [94 ,  93]  =  -0.00668746
  [95 ,  93]  =  0.000395877
  [121,  93]  =  1.0
  [214,  93]  =  1.0
  [334,  93]  =  -1.0
  [91 ,  94]  =  -0.00321034
  [92 ,  94]  =  -0.0107852
  [93 ,  94]  =  -0.00668746
  [94 ,  94]  =  -0.123368
  [95 ,  94]  =  -0.00168434
  [121,  94]  =  1.0
  [215,  94]  =  1.0
  [335,  94]  =  -1.0
  [91 ,  95]  =  0.00428194
  [92 ,  95]  =  0.0122671
  [93 ,  95]  =  0.000395877
  [94 ,  95]  =  -0.00168434
  [95 ,  95]  =  -1.96526
  [121,  95]  =  1.0
  [216,  95]  =  1.0
  [336,  95]  =  -1.0
  [96 ,  96]  =  -0.465599
  [97 ,  96]  =  -0.00340826
  [98 ,  96]  =  -0.00163609
  [99 ,  96]  =  -0.0113509
  [100,  96]  =  0.00500887
  [121,  96]  =  1.0
  [217,  96]  =  1.0
  [337,  96]  =  -1.0
  [96 ,  97]  =  -0.00340826
  [97 ,  97]  =  -0.236925
  [98 ,  97]  =  0.0020502
  [99 ,  97]  =  -0.00035242
  [100,  97]  =  0.00967345
  [121,  97]  =  1.0
  [218,  97]  =  1.0
  [338,  97]  =  -1.0
  [96 ,  98]  =  -0.00163609
  [97 ,  98]  =  0.0020502
  [98 ,  98]  =  -0.135828
  [99 ,  98]  =  -0.012554
  [100,  98]  =  -0.00541809
  [121,  98]  =  1.0
  [219,  98]  =  1.0
  [339,  98]  =  -1.0
  [96 ,  99]  =  -0.0113509
  [97 ,  99]  =  -0.00035242
  [98 ,  99]  =  -0.012554
  [99 ,  99]  =  -0.192
  [100,  99]  =  -0.0104124
  [121,  99]  =  1.0
  [220,  99]  =  1.0
  [340,  99]  =  -1.0
  [96 , 100]  =  0.00500887
  [97 , 100]  =  0.00967345
  [98 , 100]  =  -0.00541809
  [99 , 100]  =  -0.0104124
  [100, 100]  =  -0.174314
  [121, 100]  =  1.0
  [221, 100]  =  1.0
  [341, 100]  =  -1.0
  [101, 101]  =  -0.430893
  [102, 101]  =  -0.0148879
  [103, 101]  =  0.00181195
  [104, 101]  =  -0.036723
  [105, 101]  =  -0.0346244
  [121, 101]  =  1.0
  [222, 101]  =  1.0
  [342, 101]  =  -1.0
  [101, 102]  =  -0.0148879
  [102, 102]  =  -0.268828
  [103, 102]  =  -0.0228158
  [104, 102]  =  -0.0269745
  [105, 102]  =  -0.0183131
  [121, 102]  =  1.0
  [223, 102]  =  1.0
  [343, 102]  =  -1.0
  [101, 103]  =  0.00181195
  [102, 103]  =  -0.0228158
  [103, 103]  =  -0.249079
  [104, 103]  =  -0.0189114
  [105, 103]  =  -0.0027564
  [121, 103]  =  1.0
  [224, 103]  =  1.0
  [344, 103]  =  -1.0
  [101, 104]  =  -0.036723
  [102, 104]  =  -0.0269745
  [103, 104]  =  -0.0189114
  [104, 104]  =  -0.527641
  [105, 104]  =  -0.0562976
  [121, 104]  =  1.0
  [225, 104]  =  1.0
  [345, 104]  =  -1.0
  [101, 105]  =  -0.0346244
  [102, 105]  =  -0.0183131
  [103, 105]  =  -0.0027564
  [104, 105]  =  -0.0562976
  [105, 105]  =  -0.293806
  [121, 105]  =  1.0
  [226, 105]  =  1.0
  [346, 105]  =  -1.0
  [106, 106]  =  -0.442704
  [107, 106]  =  -0.0195593
  [108, 106]  =  -0.0335249
  [109, 106]  =  -0.0275979
  [110, 106]  =  -0.0193667
  [121, 106]  =  1.0
  [227, 106]  =  1.0
  [347, 106]  =  -1.0
  [106, 107]  =  -0.0195593
  [107, 107]  =  -0.209116
  [108, 107]  =  -0.0324196
  [109, 107]  =  -0.0324844
  [110, 107]  =  -0.018456
  [121, 107]  =  1.0
  [228, 107]  =  1.0
  [348, 107]  =  -1.0
  [106, 108]  =  -0.0335249
  [107, 108]  =  -0.0324196
  [108, 108]  =  -0.305452
  [109, 108]  =  -0.0443667
  [110, 108]  =  -0.0245665
  [121, 108]  =  1.0
  [229, 108]  =  1.0
  [349, 108]  =  -1.0
  [106, 109]  =  -0.0275979
  [107, 109]  =  -0.0324844
  [108, 109]  =  -0.0443667
  [109, 109]  =  -0.202317
  [110, 109]  =  -0.0315988
  [121, 109]  =  1.0
  [230, 109]  =  1.0
  [350, 109]  =  -1.0
  [106, 110]  =  -0.0193667
  [107, 110]  =  -0.018456
  [108, 110]  =  -0.0245665
  [109, 110]  =  -0.0315988
  [110, 110]  =  -0.337836
  [121, 110]  =  1.0
  [231, 110]  =  1.0
  [351, 110]  =  -1.0
  [111, 111]  =  -0.339887
  [112, 111]  =  -0.0108976
  [113, 111]  =  -0.0289252
  [114, 111]  =  -0.00672979
  [115, 111]  =  -0.0166916
  [121, 111]  =  1.0
  [232, 111]  =  1.0
  [352, 111]  =  -1.0
  [111, 112]  =  -0.0108976
  [112, 112]  =  -0.165447
  [113, 112]  =  -0.0118392
  [114, 112]  =  -0.010073
  [115, 112]  =  -0.00561777
  [121, 112]  =  1.0
  [233, 112]  =  1.0
  [353, 112]  =  -1.0
  [111, 113]  =  -0.0289252
  [112, 113]  =  -0.0118392
  [113, 113]  =  -0.256125
  [114, 113]  =  -0.027565
  [115, 113]  =  -0.0257573
  [121, 113]  =  1.0
  [234, 113]  =  1.0
  [354, 113]  =  -1.0
  [111, 114]  =  -0.00672979
  [112, 114]  =  -0.010073
  [113, 114]  =  -0.027565
  [114, 114]  =  -0.189634
  [115, 114]  =  -0.0102215
  [121, 114]  =  1.0
  [235, 114]  =  1.0
  [355, 114]  =  -1.0
  [111, 115]  =  -0.0166916
  [112, 115]  =  -0.00561777
  [113, 115]  =  -0.0257573
  [114, 115]  =  -0.0102215
  [115, 115]  =  -0.266305
  [121, 115]  =  1.0
  [236, 115]  =  1.0
  [356, 115]  =  -1.0
  [116, 116]  =  -0.6463
  [117, 116]  =  -0.0267996
  [118, 116]  =  -0.00922341
  [119, 116]  =  -0.0273892
  [120, 116]  =  -0.0166335
  [121, 116]  =  1.0
  [237, 116]  =  1.0
  [357, 116]  =  -1.0
  [116, 117]  =  -0.0267996
  [117, 117]  =  -1.07646
  [118, 117]  =  -0.0256436
  [119, 117]  =  -0.00813854
  [120, 117]  =  -0.00270553
  [121, 117]  =  1.0
  [238, 117]  =  1.0
  [358, 117]  =  -1.0
  [116, 118]  =  -0.00922341
  [117, 118]  =  -0.0256436
  [118, 118]  =  -0.154618
  [119, 118]  =  0.0011704
  [120, 118]  =  -0.0213116
  [121, 118]  =  1.0
  [239, 118]  =  1.0
  [359, 118]  =  -1.0
  [116, 119]  =  -0.0273892
  [117, 119]  =  -0.00813854
  [118, 119]  =  0.0011704
  [119, 119]  =  -6.86724
  [120, 119]  =  -0.0135403
  [121, 119]  =  1.0
  [240, 119]  =  1.0
  [360, 119]  =  -1.0
  [116, 120]  =  -0.0166335
  [117, 120]  =  -0.00270553
  [118, 120]  =  -0.0213116
  [119, 120]  =  -0.0135403
  [120, 120]  =  -0.263939
  [121, 120]  =  1.0
  [241, 120]  =  1.0
  [361, 120]  =  -1.0
  [1  , 121]  =  1.0
  [363, 121]  =  -1.0
  [2  , 122]  =  1.0
  [364, 122]  =  -1.0
  [3  , 123]  =  1.0
  [365, 123]  =  -1.0
  [4  , 124]  =  1.0
  [366, 124]  =  -1.0
  [5  , 125]  =  1.0
  [367, 125]  =  -1.0
  [6  , 126]  =  1.0
  [369, 126]  =  -1.0
  [7  , 127]  =  1.0
  [370, 127]  =  -1.0
  [8  , 128]  =  1.0
  [371, 128]  =  -1.0
  [9  , 129]  =  1.0
  [372, 129]  =  -1.0
  [10 , 130]  =  1.0
  [373, 130]  =  -1.0
  [11 , 131]  =  1.0
  [375, 131]  =  -1.0
  [12 , 132]  =  1.0
  [376, 132]  =  -1.0
  [13 , 133]  =  1.0
  [377, 133]  =  -1.0
  [14 , 134]  =  1.0
  [378, 134]  =  -1.0
  [15 , 135]  =  1.0
  [379, 135]  =  -1.0
  [16 , 136]  =  1.0
  [381, 136]  =  -1.0
  [17 , 137]  =  1.0
  [382, 137]  =  -1.0
  [18 , 138]  =  1.0
  [383, 138]  =  -1.0
  [19 , 139]  =  1.0
  [384, 139]  =  -1.0
  [20 , 140]  =  1.0
  [385, 140]  =  -1.0
  [21 , 141]  =  1.0
  [387, 141]  =  -1.0
  [22 , 142]  =  1.0
  [388, 142]  =  -1.0
  [23 , 143]  =  1.0
  [389, 143]  =  -1.0
  [24 , 144]  =  1.0
  [390, 144]  =  -1.0
  [25 , 145]  =  1.0
  [391, 145]  =  -1.0
  [26 , 146]  =  1.0
  [393, 146]  =  -1.0
  [27 , 147]  =  1.0
  [394, 147]  =  -1.0
  [28 , 148]  =  1.0
  [395, 148]  =  -1.0
  [29 , 149]  =  1.0
  [396, 149]  =  -1.0
  [30 , 150]  =  1.0
  [397, 150]  =  -1.0
  [31 , 151]  =  1.0
  [399, 151]  =  -1.0
  [32 , 152]  =  1.0
  [400, 152]  =  -1.0
  [33 , 153]  =  1.0
  [401, 153]  =  -1.0
  [34 , 154]  =  1.0
  [402, 154]  =  -1.0
  [35 , 155]  =  1.0
  [403, 155]  =  -1.0
  [36 , 156]  =  1.0
  [405, 156]  =  -1.0
  [37 , 157]  =  1.0
  [406, 157]  =  -1.0
  [38 , 158]  =  1.0
  [407, 158]  =  -1.0
  [39 , 159]  =  1.0
  [408, 159]  =  -1.0
  [40 , 160]  =  1.0
  [409, 160]  =  -1.0
  [41 , 161]  =  1.0
  [411, 161]  =  -1.0
  [42 , 162]  =  1.0
  [412, 162]  =  -1.0
  [43 , 163]  =  1.0
  [413, 163]  =  -1.0
  [44 , 164]  =  1.0
  [414, 164]  =  -1.0
  [45 , 165]  =  1.0
  [415, 165]  =  -1.0
  [46 , 166]  =  1.0
  [417, 166]  =  -1.0
  [47 , 167]  =  1.0
  [418, 167]  =  -1.0
  [48 , 168]  =  1.0
  [419, 168]  =  -1.0
  [49 , 169]  =  1.0
  [420, 169]  =  -1.0
  [50 , 170]  =  1.0
  [421, 170]  =  -1.0
  [51 , 171]  =  1.0
  [423, 171]  =  -1.0
  [52 , 172]  =  1.0
  [424, 172]  =  -1.0
  [53 , 173]  =  1.0
  [425, 173]  =  -1.0
  [54 , 174]  =  1.0
  [426, 174]  =  -1.0
  [55 , 175]  =  1.0
  [427, 175]  =  -1.0
  [56 , 176]  =  1.0
  [429, 176]  =  -1.0
  [57 , 177]  =  1.0
  [430, 177]  =  -1.0
  [58 , 178]  =  1.0
  [431, 178]  =  -1.0
  [59 , 179]  =  1.0
  [432, 179]  =  -1.0
  [60 , 180]  =  1.0
  [433, 180]  =  -1.0
  [61 , 181]  =  1.0
  [435, 181]  =  -1.0
  [62 , 182]  =  1.0
  [436, 182]  =  -1.0
  [63 , 183]  =  1.0
  [437, 183]  =  -1.0
  [64 , 184]  =  1.0
  [438, 184]  =  -1.0
  [65 , 185]  =  1.0
  [439, 185]  =  -1.0
  [66 , 186]  =  1.0
  [441, 186]  =  -1.0
  [67 , 187]  =  1.0
  [442, 187]  =  -1.0
  [68 , 188]  =  1.0
  [443, 188]  =  -1.0
  [69 , 189]  =  1.0
  [444, 189]  =  -1.0
  [70 , 190]  =  1.0
  [445, 190]  =  -1.0
  [71 , 191]  =  1.0
  [447, 191]  =  -1.0
  [72 , 192]  =  1.0
  [448, 192]  =  -1.0
  [73 , 193]  =  1.0
  [449, 193]  =  -1.0
  [74 , 194]  =  1.0
  [450, 194]  =  -1.0
  [75 , 195]  =  1.0
  [451, 195]  =  -1.0
  [76 , 196]  =  1.0
  [453, 196]  =  -1.0
  [77 , 197]  =  1.0
  [454, 197]  =  -1.0
  [78 , 198]  =  1.0
  [455, 198]  =  -1.0
  [79 , 199]  =  1.0
  [456, 199]  =  -1.0
  [80 , 200]  =  1.0
  [457, 200]  =  -1.0
  [81 , 201]  =  1.0
  [459, 201]  =  -1.0
  [82 , 202]  =  1.0
  [460, 202]  =  -1.0
  [83 , 203]  =  1.0
  [461, 203]  =  -1.0
  [84 , 204]  =  1.0
  [462, 204]  =  -1.0
  [85 , 205]  =  1.0
  [463, 205]  =  -1.0
  [86 , 206]  =  1.0
  [465, 206]  =  -1.0
  [87 , 207]  =  1.0
  [466, 207]  =  -1.0
  [88 , 208]  =  1.0
  [467, 208]  =  -1.0
  [89 , 209]  =  1.0
  [468, 209]  =  -1.0
  [90 , 210]  =  1.0
  [469, 210]  =  -1.0
  [91 , 211]  =  1.0
  [471, 211]  =  -1.0
  [92 , 212]  =  1.0
  [472, 212]  =  -1.0
  [93 , 213]  =  1.0
  [473, 213]  =  -1.0
  [94 , 214]  =  1.0
  [474, 214]  =  -1.0
  [95 , 215]  =  1.0
  [475, 215]  =  -1.0
  [96 , 216]  =  1.0
  [477, 216]  =  -1.0
  [97 , 217]  =  1.0
  [478, 217]  =  -1.0
  [98 , 218]  =  1.0
  [479, 218]  =  -1.0
  [99 , 219]  =  1.0
  [480, 219]  =  -1.0
  [100, 220]  =  1.0
  [481, 220]  =  -1.0
  [101, 221]  =  1.0
  [483, 221]  =  -1.0
  [102, 222]  =  1.0
  [484, 222]  =  -1.0
  [103, 223]  =  1.0
  [485, 223]  =  -1.0
  [104, 224]  =  1.0
  [486, 224]  =  -1.0
  [105, 225]  =  1.0
  [487, 225]  =  -1.0
  [106, 226]  =  1.0
  [489, 226]  =  -1.0
  [107, 227]  =  1.0
  [490, 227]  =  -1.0
  [108, 228]  =  1.0
  [491, 228]  =  -1.0
  [109, 229]  =  1.0
  [492, 229]  =  -1.0
  [110, 230]  =  1.0
  [493, 230]  =  -1.0
  [111, 231]  =  1.0
  [495, 231]  =  -1.0
  [112, 232]  =  1.0
  [496, 232]  =  -1.0
  [113, 233]  =  1.0
  [497, 233]  =  -1.0
  [114, 234]  =  1.0
  [498, 234]  =  -1.0
  [115, 235]  =  1.0
  [499, 235]  =  -1.0
  [116, 236]  =  1.0
  [501, 236]  =  -1.0
  [117, 237]  =  1.0
  [502, 237]  =  -1.0
  [118, 238]  =  1.0
  [503, 238]  =  -1.0
  [119, 239]  =  1.0
  [504, 239]  =  -1.0
  [120, 240]  =  1.0
