----------------------------------------------------------------------------
	SCS v1.2.6 - Splitting Conic Solver
	(c) Brendan O'Donoghue, Stanford University, 2012-2016
----------------------------------------------------------------------------
Lin-sys: sparse-direct, nnz in A = 992
eps = 1.00e-04, alpha = 1.80, max_iters = 50000, normalize = 1, scale = 5.00
Variables n = 232, constraints m = 697
Cones:	primal zero / dual free vars: 88
	linear vars: 193
	soc vars: 48, soc blks: 8
	sd vars: 224, sd blks: 8
	exp vars: 144, dual exp vars: 0
Setup time: 3.86e-04s
----------------------------------------------------------------------------
 Iter | pri res | dua res | rel gap | pri obj | dua obj | kap/tau | time (s)
----------------------------------------------------------------------------
     0|      inf       inf      -nan      -inf      -inf       inf  9.57e-04 
   100| 1.86e-03  6.52e-03  1.03e-02 -1.37e-01 -1.25e-01  0.00e+00  1.03e-01 
   200| 3.35e-03  3.30e-03  6.99e-03 -1.31e-01 -1.22e-01  0.00e+00  1.51e-01 
   300| 2.25e-03  2.48e-03  1.02e-02 -1.34e-01 -1.21e-01  0.00e+00  2.01e-01 
   400| 2.14e-03  2.07e-03  1.14e-02 -1.34e-01 -1.20e-01  2.62e-16  2.50e-01 
   500| 2.23e-03  1.83e-03  1.25e-02 -1.34e-01 -1.18e-01  0.00e+00  2.98e-01 
   600| 5.55e-04  1.54e-03  1.01e-02 -1.30e-01 -1.17e-01  0.00e+00  3.42e-01 
   700| 4.40e-04  1.31e-03  8.80e-03 -1.28e-01 -1.17e-01  2.92e-16  3.79e-01 
   800| 3.65e-04  1.14e-03  8.04e-03 -1.27e-01 -1.17e-01  0.00e+00  4.11e-01 
   900| 3.11e-04  1.01e-03  7.39e-03 -1.26e-01 -1.17e-01  0.00e+00  4.43e-01 
  1000| 2.70e-04  9.11e-04  6.83e-03 -1.25e-01 -1.17e-01  0.00e+00  4.75e-01 
  1100| 2.38e-04  8.28e-04  6.37e-03 -1.25e-01 -1.17e-01  0.00e+00  5.07e-01 
  1200| 2.12e-04  7.59e-04  5.95e-03 -1.24e-01 -1.17e-01  0.00e+00  5.38e-01 
  1300| 1.90e-04  7.01e-04  5.58e-03 -1.24e-01 -1.17e-01  0.00e+00  5.70e-01 
  1400| 1.72e-04  6.51e-04  5.26e-03 -1.23e-01 -1.17e-01  0.00e+00  6.02e-01 
  1500| 1.56e-04  6.07e-04  4.96e-03 -1.23e-01 -1.17e-01  0.00e+00  6.34e-01 
  1600| 1.43e-04  5.69e-04  4.69e-03 -1.23e-01 -1.17e-01  0.00e+00  6.65e-01 
  1700| 1.31e-04  5.36e-04  4.45e-03 -1.22e-01 -1.17e-01  0.00e+00  6.97e-01 
  1800| 1.21e-04  5.06e-04  4.23e-03 -1.22e-01 -1.17e-01  0.00e+00  7.28e-01 
  1900| 1.11e-04  4.79e-04  4.02e-03 -1.22e-01 -1.17e-01  0.00e+00  7.60e-01 
  2000| 1.03e-04  4.55e-04  3.83e-03 -1.22e-01 -1.17e-01  0.00e+00  7.91e-01 
  2100| 9.57e-05  4.33e-04  3.65e-03 -1.22e-01 -1.17e-01  0.00e+00  8.23e-01 
  2200| 8.90e-05  4.14e-04  3.48e-03 -1.21e-01 -1.17e-01  0.00e+00  8.54e-01 
  2300| 8.30e-05  3.96e-04  3.33e-03 -1.21e-01 -1.17e-01  0.00e+00  8.85e-01 
  2400| 7.74e-05  3.79e-04  3.18e-03 -1.21e-01 -1.17e-01  0.00e+00  9.15e-01 
  2500| 7.24e-05  3.64e-04  3.04e-03 -1.21e-01 -1.17e-01  0.00e+00  9.46e-01 
  2600| 6.77e-05  3.50e-04  2.91e-03 -1.21e-01 -1.17e-01  0.00e+00  9.76e-01 
  2700| 6.34e-05  3.37e-04  2.79e-03 -1.21e-01 -1.17e-01  0.00e+00  1.01e+00 
  2800| 5.95e-05  3.25e-04  2.68e-03 -1.21e-01 -1.17e-01  0.00e+00  1.04e+00 
  2900| 5.58e-05  3.14e-04  2.57e-03 -1.21e-01 -1.17e-01  0.00e+00  1.07e+00 
  3000| 5.25e-05  3.04e-04  2.46e-03 -1.20e-01 -1.17e-01  0.00e+00  1.10e+00 
  3100| 4.93e-05  2.94e-04  2.37e-03 -1.20e-01 -1.17e-01  0.00e+00  1.13e+00 
  3200| 4.64e-05  2.85e-04  2.27e-03 -1.20e-01 -1.17e-01  0.00e+00  1.16e+00 
  3300| 4.37e-05  2.77e-04  2.19e-03 -1.20e-01 -1.18e-01  0.00e+00  1.19e+00 
  3400| 4.12e-05  2.69e-04  2.10e-03 -1.20e-01 -1.18e-01  0.00e+00  1.22e+00 
  3500| 3.88e-05  2.62e-04  2.02e-03 -1.20e-01 -1.18e-01  0.00e+00  1.25e+00 
  3600| 3.66e-05  2.55e-04  1.94e-03 -1.20e-01 -1.18e-01  0.00e+00  1.28e+00 
  3700| 3.45e-05  2.48e-04  1.87e-03 -1.20e-01 -1.18e-01  0.00e+00  1.32e+00 
  3800| 3.25e-05  2.42e-04  1.80e-03 -1.20e-01 -1.18e-01  0.00e+00  1.35e+00 
  3900| 3.07e-05  2.37e-04  1.74e-03 -1.20e-01 -1.18e-01  0.00e+00  1.38e+00 
  4000| 2.90e-05  2.31e-04  1.67e-03 -1.20e-01 -1.18e-01  0.00e+00  1.41e+00 
  4100| 2.74e-05  2.26e-04  1.61e-03 -1.20e-01 -1.18e-01  0.00e+00  1.44e+00 
  4200| 2.59e-05  2.21e-04  1.55e-03 -1.20e-01 -1.18e-01  0.00e+00  1.47e+00 
  4300| 2.45e-05  2.17e-04  1.50e-03 -1.20e-01 -1.18e-01  0.00e+00  1.50e+00 
  4400| 2.31e-05  2.13e-04  1.45e-03 -1.20e-01 -1.18e-01  0.00e+00  1.53e+00 
  4500| 2.19e-05  2.08e-04  1.39e-03 -1.20e-01 -1.18e-01  0.00e+00  1.56e+00 
  4600| 2.07e-05  2.05e-04  1.35e-03 -1.20e-01 -1.18e-01  0.00e+00  1.60e+00 
  4700| 1.96e-05  2.01e-04  1.30e-03 -1.19e-01 -1.18e-01  0.00e+00  1.63e+00 
  4800| 1.85e-05  1.97e-04  1.25e-03 -1.19e-01 -1.18e-01  0.00e+00  1.66e+00 
  4900| 1.75e-05  1.94e-04  1.21e-03 -1.19e-01 -1.18e-01  0.00e+00  1.69e+00 
  5000| 1.66e-05  1.91e-04  1.17e-03 -1.19e-01 -1.18e-01  0.00e+00  1.72e+00 
  5100| 1.58e-05  1.88e-04  1.13e-03 -1.19e-01 -1.18e-01  0.00e+00  1.75e+00 
  5200| 1.50e-05  1.85e-04  1.09e-03 -1.19e-01 -1.18e-01  0.00e+00  1.78e+00 
  5300| 1.42e-05  1.82e-04  1.06e-03 -1.19e-01 -1.18e-01  0.00e+00  1.81e+00 
  5400| 1.35e-05  1.80e-04  1.02e-03 -1.19e-01 -1.18e-01  0.00e+00  1.85e+00 
  5500| 1.29e-05  1.77e-04  9.88e-04 -1.19e-01 -1.18e-01  0.00e+00  1.88e+00 
  5600| 1.23e-05  1.75e-04  9.55e-04 -1.19e-01 -1.18e-01  0.00e+00  1.91e+00 
  5700| 1.17e-05  1.72e-04  9.24e-04 -1.19e-01 -1.18e-01  0.00e+00  1.94e+00 
  5800| 1.12e-05  1.70e-04  8.94e-04 -1.19e-01 -1.18e-01  0.00e+00  1.97e+00 
  5900| 1.07e-05  1.68e-04  8.66e-04 -1.19e-01 -1.18e-01  0.00e+00  2.00e+00 
  6000| 1.03e-05  1.66e-04  8.38e-04 -1.19e-01 -1.18e-01  0.00e+00  2.03e+00 
  6100| 9.91e-06  1.64e-04  8.12e-04 -1.19e-01 -1.18e-01  0.00e+00  2.07e+00 
  6200| 9.56e-06  1.62e-04  7.86e-04 -1.19e-01 -1.18e-01  4.75e-16  2.10e+00 
  6300| 9.25e-06  1.60e-04  7.62e-04 -1.19e-01 -1.18e-01  0.00e+00  2.13e+00 
  6400| 8.97e-06  1.58e-04  7.38e-04 -1.19e-01 -1.18e-01  2.39e-16  2.16e+00 
  6500| 8.73e-06  1.57e-04  7.15e-04 -1.19e-01 -1.18e-01  0.00e+00  2.19e+00 
  6600| 8.51e-06  1.55e-04  6.93e-04 -1.19e-01 -1.18e-01  0.00e+00  2.22e+00 
  6700| 8.33e-06  1.53e-04  6.72e-04 -1.19e-01 -1.18e-01  0.00e+00  2.25e+00 
  6800| 8.18e-06  1.52e-04  6.52e-04 -1.19e-01 -1.18e-01  0.00e+00  2.29e+00 
  6900| 8.05e-06  1.50e-04  6.33e-04 -1.19e-01 -1.18e-01  0.00e+00  2.32e+00 
  7000| 7.94e-06  1.49e-04  6.14e-04 -1.19e-01 -1.18e-01  0.00e+00  2.35e+00 
  7100| 7.86e-06  1.47e-04  5.96e-04 -1.19e-01 -1.18e-01  4.85e-16  2.38e+00 
  7200| 7.80e-06  1.46e-04  5.79e-04 -1.19e-01 -1.18e-01  2.43e-16  2.41e+00 
  7300| 7.75e-06  1.45e-04  5.62e-04 -1.19e-01 -1.18e-01  2.43e-16  2.44e+00 
  7400| 7.73e-06  1.44e-04  5.46e-04 -1.19e-01 -1.18e-01  4.88e-16  2.47e+00 
  7500| 7.71e-06  1.42e-04  5.30e-04 -1.19e-01 -1.18e-01  0.00e+00  2.51e+00 
  7600| 7.71e-06  1.41e-04  5.15e-04 -1.19e-01 -1.18e-01  2.45e-16  2.54e+00 
  7700| 7.72e-06  1.40e-04  5.01e-04 -1.19e-01 -1.18e-01  0.00e+00  2.57e+00 
  7800| 7.74e-06  1.39e-04  4.87e-04 -1.19e-01 -1.18e-01  0.00e+00  2.60e+00 
  7900| 7.77e-06  1.38e-04  4.74e-04 -1.19e-01 -1.18e-01  2.46e-16  2.63e+00 
  8000| 7.81e-06  1.37e-04  4.61e-04 -1.19e-01 -1.18e-01  0.00e+00  2.66e+00 
  8100| 7.85e-06  1.35e-04  4.48e-04 -1.19e-01 -1.18e-01  0.00e+00  2.69e+00 
  8200| 7.89e-06  1.34e-04  4.36e-04 -1.19e-01 -1.18e-01  4.94e-16  2.72e+00 
  8300| 7.94e-06  1.33e-04  4.25e-04 -1.19e-01 -1.18e-01  2.47e-16  2.76e+00 
  8400| 8.00e-06  1.32e-04  4.14e-04 -1.19e-01 -1.18e-01  0.00e+00  2.79e+00 
  8500| 8.05e-06  1.32e-04  4.03e-04 -1.19e-01 -1.18e-01  2.48e-16  2.82e+00 
  8600| 8.11e-06  1.31e-04  3.93e-04 -1.19e-01 -1.18e-01  2.48e-16  2.85e+00 
  8700| 8.17e-06  1.30e-04  3.83e-04 -1.19e-01 -1.18e-01  0.00e+00  2.89e+00 
  8800| 8.23e-06  1.29e-04  3.73e-04 -1.19e-01 -1.18e-01  0.00e+00  2.93e+00 
  8900| 8.29e-06  1.28e-04  3.64e-04 -1.19e-01 -1.18e-01  0.00e+00  2.97e+00 
  9000| 8.35e-06  1.27e-04  3.55e-04 -1.19e-01 -1.18e-01  0.00e+00  3.01e+00 
  9100| 8.41e-06  1.26e-04  3.46e-04 -1.19e-01 -1.18e-01  2.50e-16  3.05e+00 
  9200| 8.47e-06  1.25e-04  3.38e-04 -1.19e-01 -1.18e-01  2.50e-16  3.09e+00 
  9300| 8.52e-06  1.25e-04  3.30e-04 -1.19e-01 -1.18e-01  0.00e+00  3.13e+00 
  9400| 8.58e-06  1.24e-04  3.22e-04 -1.19e-01 -1.18e-01  0.00e+00  3.17e+00 
  9500| 8.64e-06  1.23e-04  3.15e-04 -1.19e-01 -1.18e-01  0.00e+00  3.21e+00 
  9600| 8.69e-06  1.22e-04  3.08e-04 -1.19e-01 -1.18e-01  5.02e-16  3.25e+00 
  9700| 8.75e-06  1.21e-04  3.01e-04 -1.19e-01 -1.18e-01  0.00e+00  3.30e+00 
  9800| 8.80e-06  1.21e-04  2.94e-04 -1.19e-01 -1.18e-01  2.51e-16  3.34e+00 
  9900| 8.85e-06  1.20e-04  2.88e-04 -1.19e-01 -1.18e-01  2.52e-16  3.38e+00 
 10000| 8.90e-06  1.19e-04  2.82e-04 -1.19e-01 -1.18e-01  0.00e+00  3.42e+00 
 10100| 8.94e-06  1.19e-04  2.76e-04 -1.19e-01 -1.18e-01  2.52e-16  3.46e+00 
 10200| 8.99e-06  1.18e-04  2.70e-04 -1.19e-01 -1.18e-01  0.00e+00  3.50e+00 
 10300| 9.03e-06  1.17e-04  2.64e-04 -1.19e-01 -1.19e-01  0.00e+00  3.54e+00 
 10400| 9.07e-06  1.17e-04  2.59e-04 -1.19e-01 -1.19e-01  2.53e-16  3.58e+00 
 10500| 9.11e-06  1.16e-04  2.54e-04 -1.19e-01 -1.19e-01  2.53e-16  3.62e+00 
 10600| 9.15e-06  1.15e-04  2.49e-04 -1.19e-01 -1.19e-01  2.53e-16  3.66e+00 
 10700| 9.19e-06  1.15e-04  2.44e-04 -1.19e-01 -1.19e-01  0.00e+00  3.70e+00 
 10800| 9.22e-06  1.14e-04  2.39e-04 -1.19e-01 -1.19e-01  0.00e+00  3.74e+00 
 10900| 9.26e-06  1.13e-04  2.35e-04 -1.19e-01 -1.19e-01  0.00e+00  3.78e+00 
 11000| 9.29e-06  1.13e-04  2.30e-04 -1.19e-01 -1.19e-01  2.54e-16  3.82e+00 
 11100| 9.32e-06  1.12e-04  2.26e-04 -1.19e-01 -1.19e-01  0.00e+00  3.87e+00 
 11200| 9.35e-06  1.12e-04  2.22e-04 -1.19e-01 -1.19e-01  2.54e-16  3.91e+00 
 11300| 9.37e-06  1.11e-04  2.18e-04 -1.19e-01 -1.19e-01  0.00e+00  3.95e+00 
 11400| 9.40e-06  1.10e-04  2.15e-04 -1.19e-01 -1.19e-01  0.00e+00  3.99e+00 
 11500| 9.42e-06  1.10e-04  2.11e-04 -1.19e-01 -1.19e-01  2.55e-16  4.03e+00 
 11600| 9.44e-06  1.09e-04  2.07e-04 -1.19e-01 -1.19e-01  0.00e+00  4.07e+00 
 11700| 9.47e-06  1.09e-04  2.04e-04 -1.19e-01 -1.19e-01  5.10e-16  4.11e+00 
 11800| 9.49e-06  1.08e-04  2.01e-04 -1.19e-01 -1.19e-01  2.55e-16  4.15e+00 
 11900| 9.50e-06  1.08e-04  1.98e-04 -1.19e-01 -1.19e-01  2.56e-16  4.19e+00 
 12000| 9.52e-06  1.07e-04  1.95e-04 -1.19e-01 -1.19e-01  0.00e+00  4.23e+00 
 12100| 9.54e-06  1.07e-04  1.92e-04 -1.19e-01 -1.19e-01  2.56e-16  4.26e+00 
 12200| 9.55e-06  1.06e-04  1.89e-04 -1.19e-01 -1.19e-01  2.56e-16  4.29e+00 
 12300| 9.56e-06  1.06e-04  1.86e-04 -1.19e-01 -1.19e-01  0.00e+00  4.32e+00 
 12400| 9.57e-06  1.05e-04  1.83e-04 -1.19e-01 -1.19e-01  2.56e-16  4.35e+00 
 12500| 9.58e-06  1.05e-04  1.81e-04 -1.19e-01 -1.19e-01  0.00e+00  4.38e+00 
 12600| 9.59e-06  1.04e-04  1.78e-04 -1.19e-01 -1.19e-01  2.57e-16  4.41e+00 
 12700| 9.60e-06  1.04e-04  1.76e-04 -1.19e-01 -1.19e-01  0.00e+00  4.44e+00 
 12800| 9.61e-06  1.03e-04  1.74e-04 -1.19e-01 -1.19e-01  2.57e-16  4.47e+00 
 12900| 9.62e-06  1.03e-04  1.71e-04 -1.19e-01 -1.19e-01  5.14e-16  4.50e+00 
 13000| 9.62e-06  1.02e-04  1.69e-04 -1.19e-01 -1.19e-01  2.57e-16  4.53e+00 
 13100| 9.63e-06  1.02e-04  1.67e-04 -1.19e-01 -1.19e-01  2.57e-16  4.56e+00 
 13200| 9.63e-06  1.01e-04  1.65e-04 -1.19e-01 -1.19e-01  5.15e-16  4.59e+00 
 13300| 9.63e-06  1.01e-04  1.63e-04 -1.19e-01 -1.19e-01  2.58e-16  4.62e+00 
 13400| 9.63e-06  1.00e-04  1.61e-04 -1.19e-01 -1.19e-01  0.00e+00  4.65e+00 
 13500| 9.64e-06  9.99e-05  1.59e-04 -1.19e-01 -1.19e-01  2.58e-16  4.68e+00 
 13600| 9.64e-06  9.95e-05  1.58e-04 -1.19e-01 -1.19e-01  2.58e-16  4.71e+00 
 13700| 9.64e-06  9.90e-05  1.56e-04 -1.19e-01 -1.19e-01  2.58e-16  4.74e+00 
 13800| 9.63e-06  9.86e-05  1.54e-04 -1.19e-01 -1.19e-01  0.00e+00  4.77e+00 
 13900| 9.63e-06  9.81e-05  1.53e-04 -1.19e-01 -1.19e-01  0.00e+00  4.80e+00 
 14000| 9.63e-06  9.77e-05  1.51e-04 -1.19e-01 -1.19e-01  5.17e-16  4.82e+00 
 14100| 9.63e-06  9.73e-05  1.49e-04 -1.19e-01 -1.19e-01  2.59e-16  4.85e+00 
 14200| 9.62e-06  9.69e-05  1.48e-04 -1.19e-01 -1.19e-01  2.59e-16  4.88e+00 
 14300| 9.62e-06  9.65e-05  1.47e-04 -1.19e-01 -1.19e-01  0.00e+00  4.91e+00 
 14400| 9.61e-06  9.61e-05  1.45e-04 -1.19e-01 -1.19e-01  0.00e+00  4.94e+00 
 14500| 9.61e-06  9.56e-05  1.44e-04 -1.19e-01 -1.19e-01  2.59e-16  4.97e+00 
 14600| 9.60e-06  9.52e-05  1.43e-04 -1.19e-01 -1.19e-01  0.00e+00  5.00e+00 
 14700| 9.60e-06  9.48e-05  1.41e-04 -1.19e-01 -1.19e-01  5.19e-16  5.03e+00 
 14800| 9.59e-06  9.44e-05  1.40e-04 -1.19e-01 -1.19e-01  5.19e-16  5.06e+00 
 14900| 9.58e-06  9.41e-05  1.39e-04 -1.19e-01 -1.19e-01  0.00e+00  5.09e+00 
 15000| 9.57e-06  9.37e-05  1.38e-04 -1.19e-01 -1.19e-01  2.60e-16  5.12e+00 
 15100| 9.57e-06  9.33e-05  1.37e-04 -1.19e-01 -1.19e-01  5.20e-16  5.15e+00 
 15200| 9.56e-06  9.29e-05  1.36e-04 -1.19e-01 -1.19e-01  2.60e-16  5.18e+00 
 15300| 9.55e-06  9.25e-05  1.35e-04 -1.19e-01 -1.19e-01  5.20e-16  5.21e+00 
 15400| 9.54e-06  9.21e-05  1.34e-04 -1.19e-01 -1.19e-01  2.60e-16  5.24e+00 
 15500| 9.53e-06  9.18e-05  1.33e-04 -1.19e-01 -1.19e-01  5.21e-16  5.27e+00 
 15600| 9.52e-06  9.14e-05  1.32e-04 -1.19e-01 -1.19e-01  2.60e-16  5.30e+00 
 15700| 9.50e-06  9.10e-05  1.31e-04 -1.19e-01 -1.19e-01  0.00e+00  5.33e+00 
 15800| 9.49e-06  9.07e-05  1.30e-04 -1.19e-01 -1.19e-01  0.00e+00  5.36e+00 
 15900| 9.48e-06  9.03e-05  1.29e-04 -1.19e-01 -1.19e-01  0.00e+00  5.39e+00 
 16000| 9.47e-06  9.00e-05  1.28e-04 -1.19e-01 -1.19e-01  0.00e+00  5.42e+00 
 16100| 9.46e-06  8.96e-05  1.28e-04 -1.19e-01 -1.19e-01  0.00e+00  5.45e+00 
 16200| 9.45e-06  8.93e-05  1.27e-04 -1.19e-01 -1.19e-01  2.61e-16  5.48e+00 
 16300| 9.43e-06  8.89e-05  1.26e-04 -1.19e-01 -1.19e-01  0.00e+00  5.51e+00 
 16400| 9.42e-06  8.86e-05  1.25e-04 -1.19e-01 -1.19e-01  2.61e-16  5.53e+00 
 16500| 9.41e-06  8.82e-05  1.25e-04 -1.19e-01 -1.19e-01  2.61e-16  5.56e+00 
 16600| 9.39e-06  8.79e-05  1.24e-04 -1.19e-01 -1.19e-01  2.62e-16  5.59e+00 
 16700| 9.38e-06  8.75e-05  1.23e-04 -1.19e-01 -1.19e-01  0.00e+00  5.62e+00 
 16800| 9.37e-06  8.72e-05  1.23e-04 -1.19e-01 -1.19e-01  2.62e-16  5.65e+00 
 16900| 9.35e-06  8.69e-05  1.22e-04 -1.19e-01 -1.19e-01  0.00e+00  5.68e+00 
 17000| 9.34e-06  8.65e-05  1.21e-04 -1.19e-01 -1.19e-01  2.62e-16  5.71e+00 
 17100| 9.32e-06  8.62e-05  1.21e-04 -1.19e-01 -1.19e-01  2.62e-16  5.74e+00 
 17200| 9.31e-06  8.59e-05  1.20e-04 -1.19e-01 -1.19e-01  0.00e+00  5.77e+00 
 17300| 9.29e-06  8.56e-05  1.20e-04 -1.19e-01 -1.19e-01  0.00e+00  5.80e+00 
 17400| 9.28e-06  8.53e-05  1.19e-04 -1.19e-01 -1.19e-01  5.25e-16  5.83e+00 
 17500| 9.26e-06  8.49e-05  1.18e-04 -1.19e-01 -1.19e-01  0.00e+00  5.86e+00 
 17600| 9.25e-06  8.46e-05  1.18e-04 -1.19e-01 -1.19e-01  2.63e-16  5.89e+00 
 17700| 9.23e-06  8.43e-05  1.17e-04 -1.19e-01 -1.19e-01  0.00e+00  5.92e+00 
 17800| 9.22e-06  8.40e-05  1.17e-04 -1.19e-01 -1.19e-01  0.00e+00  5.95e+00 
 17900| 9.20e-06  8.37e-05  1.16e-04 -1.19e-01 -1.19e-01  0.00e+00  5.98e+00 
 18000| 9.19e-06  8.34e-05  1.16e-04 -1.19e-01 -1.19e-01  2.63e-16  6.01e+00 
 18100| 9.17e-06  8.31e-05  1.15e-04 -1.19e-01 -1.19e-01  5.26e-16  6.04e+00 
 18200| 9.15e-06  8.28e-05  1.15e-04 -1.19e-01 -1.19e-01  0.00e+00  6.07e+00 
 18300| 9.14e-06  8.25e-05  1.15e-04 -1.19e-01 -1.19e-01  2.63e-16  6.10e+00 
 18400| 9.12e-06  8.22e-05  1.14e-04 -1.19e-01 -1.19e-01  2.63e-16  6.13e+00 
 18500| 9.11e-06  8.19e-05  1.14e-04 -1.19e-01 -1.19e-01  2.63e-16  6.16e+00 
 18600| 9.09e-06  8.16e-05  1.13e-04 -1.19e-01 -1.19e-01  2.64e-16  6.19e+00 
 18700| 9.08e-06  8.13e-05  1.13e-04 -1.19e-01 -1.19e-01  2.64e-16  6.21e+00 
 18800| 9.06e-06  8.10e-05  1.12e-04 -1.19e-01 -1.19e-01  0.00e+00  6.24e+00 
 18900| 9.04e-06  8.07e-05  1.12e-04 -1.19e-01 -1.19e-01  0.00e+00  6.27e+00 
 19000| 9.03e-06  8.05e-05  1.12e-04 -1.19e-01 -1.19e-01  5.28e-16  6.30e+00 
 19100| 9.01e-06  8.02e-05  1.11e-04 -1.19e-01 -1.19e-01  2.64e-16  6.33e+00 
 19200| 9.00e-06  7.99e-05  1.11e-04 -1.19e-01 -1.19e-01  0.00e+00  6.36e+00 
 19300| 8.98e-06  7.96e-05  1.11e-04 -1.19e-01 -1.19e-01  2.64e-16  6.39e+00 
 19400| 8.96e-06  7.93e-05  1.10e-04 -1.19e-01 -1.19e-01  2.64e-16  6.42e+00 
 19500| 8.94e-06  7.91e-05  1.10e-04 -1.19e-01 -1.19e-01  2.64e-16  6.45e+00 
 19600| 8.93e-06  7.88e-05  1.10e-04 -1.19e-01 -1.19e-01  2.64e-16  6.48e+00 
 19700| 8.91e-06  7.85e-05  1.09e-04 -1.19e-01 -1.19e-01  2.65e-16  6.51e+00 
 19800| 8.89e-06  7.82e-05  1.09e-04 -1.19e-01 -1.19e-01  2.65e-16  6.54e+00 
 19900| 8.88e-06  7.80e-05  1.09e-04 -1.19e-01 -1.19e-01  0.00e#SOLVERNAME# SCS
#SOLVER# SCS.SCSSolver(Any[(:verbose, 1), (:eps, 0.0001), (:max_iters, 50000)])
#INSTANCE# _1.49954966080395e9.cbf.gz
#TIMELIMIT# 300.0
#ERROR# MethodError(MathProgBase.SolverInterface.getsolvetime, (SCS.SCSMathProgModel(697, 232, 601, 232, 
  [1  ,   1]  =  -0.197026
  [2  ,   1]  =  -0.00197035
  [3  ,   1]  =  -0.00142535
  [4  ,   1]  =  -0.0264558
  [5  ,   1]  =  0.00275014
  [89 ,   1]  =  1.0
  [90 ,   1]  =  1.0
  [186,   1]  =  -1.0
  [1  ,   2]  =  -0.00197035
  [2  ,   2]  =  -0.362366
  [3  ,   2]  =  -0.0193297
  [4  ,   2]  =  -0.0188271
  [5  ,   2]  =  -0.00988395
  [89 ,   2]  =  1.0
  [91 ,   2]  =  1.0
  [187,   2]  =  -1.0
  [1  ,   3]  =  -0.00142535
  [2  ,   3]  =  -0.0193297
  [3  ,   3]  =  -0.836643
  [4  ,   3]  =  -0.0412114
  [5  ,   3]  =  -0.0172697
  [89 ,   3]  =  1.0
  [92 ,   3]  =  1.0
  [188,   3]  =  -1.0
  [1  ,   4]  =  -0.0264558
  [2  ,   4]  =  -0.0188271
  [3  ,   4]  =  -0.0412114
  [4  ,   4]  =  -0.286847
  [5  ,   4]  =  -0.0114169
  [89 ,   4]  =  1.0
  [93 ,   4]  =  1.0
  [189,   4]  =  -1.0
  [1  ,   5]  =  0.00275014
  [2  ,   5]  =  -0.00988395
  [3  ,   5]  =  -0.0172697
  [4  ,   5]  =  -0.0114169
  [5  ,   5]  =  -1.11593
  [89 ,   5]  =  1.0
  [94 ,   5]  =  1.0
  [190,   5]  =  -1.0
  [6  ,   6]  =  -0.240453
  [7  ,   6]  =  -0.0236038
  [8  ,   6]  =  -0.0296998
  [9  ,   6]  =  -0.00719521
  [10 ,   6]  =  0.00122428
  [89 ,   6]  =  1.0
  [95 ,   6]  =  1.0
  [191,   6]  =  -1.0
  [6  ,   7]  =  -0.0236038
  [7  ,   7]  =  -0.290523
  [8  ,   7]  =  0.00501256
  [9  ,   7]  =  -0.0228527
  [10 ,   7]  =  -0.0139349
  [89 ,   7]  =  1.0
  [96 ,   7]  =  1.0
  [192,   7]  =  -1.0
  [6  ,   8]  =  -0.0296998
  [7  ,   8]  =  0.00501256
  [8  ,   8]  =  -0.306932
  [9  ,   8]  =  0.0046024
  [10 ,   8]  =  -0.0168446
  [89 ,   8]  =  1.0
  [97 ,   8]  =  1.0
  [193,   8]  =  -1.0
  [6  ,   9]  =  -0.00719521
  [7  ,   9]  =  -0.0228527
  [8  ,   9]  =  0.0046024
  [9  ,   9]  =  -0.181338
  [10 ,   9]  =  -0.0163581
  [89 ,   9]  =  1.0
  [98 ,   9]  =  1.0
  [194,   9]  =  -1.0
  [6  ,  10]  =  0.00122428
  [7  ,  10]  =  -0.0139349
  [8  ,  10]  =  -0.0168446
  [9  ,  10]  =  -0.0163581
  [10 ,  10]  =  -0.244276
  [89 ,  10]  =  1.0
  [99 ,  10]  =  1.0
  [195,  10]  =  -1.0
  [11 ,  11]  =  -0.280037
  [12 ,  11]  =  -0.0207408
  [13 ,  11]  =  -0.00698789
  [14 ,  11]  =  -0.00523783
  [15 ,  11]  =  -0.00615161
  [89 ,  11]  =  1.0
  [100,  11]  =  1.0
  [196,  11]  =  -1.0
  [11 ,  12]  =  -0.0207408
  [12 ,  12]  =  -0.317987
  [13 ,  12]  =  -0.0242986
  [14 ,  12]  =  -0.0054175
  [15 ,  12]  =  -0.00702537
  [89 ,  12]  =  1.0
  [101,  12]  =  1.0
  [197,  12]  =  -1.0
  [11 ,  13]  =  -0.00698789
  [12 ,  13]  =  -0.0242986
  [13 ,  13]  =  -0.220551
  [14 ,  13]  =  -0.00645202
  [15 ,  13]  =  -0.0198023
  [89 ,  13]  =  1.0
  [102,  13]  =  1.0
  [198,  13]  =  -1.0
  [11 ,  14]  =  -0.00523783
  [12 ,  14]  =  -0.0054175
  [13 ,  14]  =  -0.00645202
  [14 ,  14]  =  -0.188077
  [15 ,  14]  =  -0.00391866
  [89 ,  14]  =  1.0
  [103,  14]  =  1.0
  [199,  14]  =  -1.0
  [11 ,  15]  =  -0.00615161
  [12 ,  15]  =  -0.00702537
  [13 ,  15]  =  -0.0198023
  [14 ,  15]  =  -0.00391866
  [15 ,  15]  =  -0.143793
  [89 ,  15]  =  1.0
  [104,  15]  =  1.0
  [200,  15]  =  -1.0
  [16 ,  16]  =  -0.175201
  [17 ,  16]  =  -0.0179306
  [18 ,  16]  =  -0.00870341
  [19 ,  16]  =  -0.0171153
  [20 ,  16]  =  -0.0146713
  [89 ,  16]  =  1.0
  [105,  16]  =  1.0
  [201,  16]  =  -1.0
  [16 ,  17]  =  -0.0179306
  [17 ,  17]  =  -0.15941
  [18 ,  17]  =  0.00225847
  [19 ,  17]  =  -0.0103734
  [20 ,  17]  =  -0.0244233
  [89 ,  17]  =  1.0
  [106,  17]  =  1.0
  [202,  17]  =  -1.0
  [16 ,  18]  =  -0.00870341
  [17 ,  18]  =  0.00225847
  [18 ,  18]  =  -0.194816
  [19 ,  18]  =  0.00698099
  [20 ,  18]  =  -0.000194907
  [89 ,  18]  =  1.0
  [107,  18]  =  1.0
  [203,  18]  =  -1.0
  [16 ,  19]  =  -0.0171153
  [17 ,  19]  =  -0.0103734
  [18 ,  19]  =  0.00698099
  [19 ,  19]  =  -0.442658
  [20 ,  19]  =  -0.039672
  [89 ,  19]  =  1.0
  [108,  19]  =  1.0
  [204,  19]  =  -1.0
  [16 ,  20]  =  -0.0146713
  [17 ,  20]  =  -0.0244233
  [18 ,  20]  =  -0.000194907
  [19 ,  20]  =  -0.039672
  [20 ,  20]  =  -0.897741
  [89 ,  20]  =  1.0
  [109,  20]  =  1.0
  [205,  20]  =  -1.0
  [21 ,  21]  =  -1.74118
  [22 ,  21]  =  -0.023428
  [23 ,  21]  =  -0.0267344
  [24 ,  21]  =  -0.00410446
  [25 ,  21]  =  0.0222997
  [89 ,  21]  =  1.0
  [110,  21]  =  1.0
  [206,  21]  =  -1.0
  [21 ,  22]  =  -0.023428
  [22 ,  22]  =  -0.15387
  [23 ,  22]  =  -0.00262886
  [24 ,  22]  =  -0.0167785
  [25 ,  22]  =  0.00876492
  [89 ,  22]  =  1.0
  [111,  22]  =  1.0
  [207,  22]  =  -1.0
  [21 ,  23]  =  -0.0267344
  [22 ,  23]  =  -0.00262886
  [23 ,  23]  =  -0.334627
  [24 ,  23]  =  -0.00398609
  [25 ,  23]  =  -0.0115625
  [89 ,  23]  =  1.0
  [112,  23]  =  1.0
  [208,  23]  =  -1.0
  [21 ,  24]  =  -0.00410446
  [22 ,  24]  =  -0.0167785
  [23 ,  24]  =  -0.00398609
  [24 ,  24]  =  -0.197283
  [25 ,  24]  =  -0.000621376
  [89 ,  24]  =  1.0
  [113,  24]  =  1.0
  [209,  24]  =  -1.0
  [21 ,  25]  =  0.0222997
  [22 ,  25]  =  0.00876492
  [23 ,  25]  =  -0.0115625
  [24 ,  25]  =  -0.000621376
  [25 ,  25]  =  -0.974428
  [89 ,  25]  =  1.0
  [114,  25]  =  1.0
  [210,  25]  =  -1.0
  [26 ,  26]  =  -0.406459
  [27 ,  26]  =  -0.00881624
  [28 ,  26]  =  -0.0176809
  [29 ,  26]  =  -0.0200255
  [30 ,  26]  =  0.00206967
  [89 ,  26]  =  1.0
  [115,  26]  =  1.0
  [211,  26]  =  -1.0
  [26 ,  27]  =  -0.00881624
  [27 ,  27]  =  -0.149188
  [28 ,  27]  =  -0.0132265
  [29 ,  27]  =  -0.00903882
  [30 ,  27]  =  -0.0171958
  [89 ,  27]  =  1.0
  [116,  27]  =  1.0
  [212,  27]  =  -1.0
  [26 ,  28]  =  -0.0176809
  [27 ,  28]  =  -0.0132265
  [28 ,  28]  =  -0.248528
  [29 ,  28]  =  -0.0447684
  [30 ,  28]  =  -0.00904682
  [89 ,  28]  =  1.0
  [117,  28]  =  1.0
  [213,  28]  =  -1.0
  [26 ,  29]  =  -0.0200255
  [27 ,  29]  =  -0.00903882
  [28 ,  29]  =  -0.0447684
  [29 ,  29]  =  -0.420074
  [30 ,  29]  =  -0.0156434
  [89 ,  29]  =  1.0
  [118,  29]  =  1.0
  [214,  29]  =  -1.0
  [26 ,  30]  =  0.00206967
  [27 ,  30]  =  -0.0171958
  [28 ,  30]  =  -0.00904682
  [29 ,  30]  =  -0.0156434
  [30 ,  30]  =  -0.142558
  [89 ,  30]  =  1.0
  [119,  30]  =  1.0
  [215,  30]  =  -1.0
  [31 ,  31]  =  -0.217628
  [32 ,  31]  =  -0.0224333
  [33 ,  31]  =  -0.0140775
  [34 ,  31]  =  -0.0119792
  [35 ,  31]  =  -0.0160728
  [89 ,  31]  =  1.0
  [120,  31]  =  1.0
  [216,  31]  =  -1.0
  [31 ,  32]  =  -0.0224333
  [32 ,  32]  =  -0.230663
  [33 ,  32]  =  -0.0261764
  [34 ,  32]  =  -0.00603609
  [35 ,  32]  =  -0.010367
  [89 ,  32]  =  1.0
  [121,  32]  =  1.0
  [217,  32]  =  -1.0
  [31 ,  33]  =  -0.0140775
  [32 ,  33]  =  -0.0261764
  [33 ,  33]  =  -0.493853
  [34 ,  33]  =  -0.0398709
  [35 ,  33]  =  -0.0296431
  [89 ,  33]  =  1.0
  [122,  33]  =  1.0
  [218,  33]  =  -1.0
  [31 ,  34]  =  -0.0119792
  [32 ,  34]  =  -0.00603609
  [33 ,  34]  =  -0.0398709
  [34 ,  34]  =  -0.165915
  [35 ,  34]  =  -0.00654326
  [89 ,  34]  =  1.0
  [123,  34]  =  1.0
  [219,  34]  =  -1.0
  [31 ,  35]  =  -0.0160728
  [32 ,  35]  =  -0.010367
  [33 ,  35]  =  -0.0296431
  [34 ,  35]  =  -0.00654326
  [35 ,  35]  =  -0.174386
  [89 ,  35]  =  1.0
  [124,  35]  =  1.0
  [220,  35]  =  -1.0
  [36 ,  36]  =  -0.398648
  [37 ,  36]  =  -0.00174377
  [38 ,  36]  =  -0.0113586
  [39 ,  36]  =  0.00482792
  [40 ,  36]  =  -0.0142435
  [89 ,  36]  =  1.0
  [125,  36]  =  1.0
  [221,  36]  =  -1.0
  [36 ,  37]  =  -0.00174377
  [37 ,  37]  =  -0.284985
  [38 ,  37]  =  0.0092232
  [39 ,  37]  =  -0.0260371
  [40 ,  37]  =  -0.0312169
  [89 ,  37]  =  1.0
  [126,  37]  =  1.0
  [222,  37]  =  -1.0
  [36 ,  38]  =  -0.0113586
  [37 ,  38]  =  0.0092232
  [38 ,  38]  =  -0.713761
  [39 ,  38]  =  -0.0293617
  [40 ,  38]  =  -0.013584
  [89 ,  38]  =  1.0
  [127,  38]  =  1.0
  [223,  38]  =  -1.0
  [36 ,  39]  =  0.00482792
  [37 ,  39]  =  -0.0260371
  [38 ,  39]  =  -0.0293617
  [39 ,  39]  =  -0.209268
  [40 ,  39]  =  -0.000363389
  [89 ,  39]  =  1.0
  [128,  39]  =  1.0
  [224,  39]  =  -1.0
  [36 ,  40]  =  -0.0142435
  [37 ,  40]  =  -0.0312169
  [38 ,  40]  =  -0.013584
  [39 ,  40]  =  -0.000363389
  [40 ,  40]  =  -0.223129
  [89 ,  40]  =  1.0
  [129,  40]  =  1.0
  [225,  40]  =  -1.0
  [41 ,  41]  =  -0.404141
  [42 ,  41]  =  0.00634042
  [43 ,  41]  =  -0.00201787
  [89 ,  41]  =  1.0
  [130,  41]  =  1.0
  [226,  41]  =  -1.0
  [41 ,  42]  =  0.00634042
  [42 ,  42]  =  -0.295992
  [43 ,  42]  =  -0.0146307
  [89 ,  42]  =  1.0
  [131,  42]  =  1.0
  [227,  42]  =  -1.0
  [41 ,  43]  =  -0.00201787
  [42 ,  43]  =  -0.0146307
  [43 ,  43]  =  -0.22342
  [89 ,  43]  =  1.0
  [132,  43]  =  1.0
  [228,  43]  =  -1.0
  [44 ,  44]  =  -0.345044
  [45 ,  44]  =  -0.0187125
  [46 ,  44]  =  -0.0195362
  [89 ,  44]  =  1.0
  [133,  44]  =  1.0
  [229,  44]  =  -1.0
  [44 ,  45]  =  -0.0187125
  [45 ,  45]  =  -0.183323
  [46 ,  45]  =  0.00148447
  [89 ,  45]  =  1.0
  [134,  45]  =  1.0
  [230,  45]  =  -1.0
  [44 ,  46]  =  -0.0195362
  [45 ,  46]  =  0.00148447
  [46 ,  46]  =  -0.438733
  [89 ,  46]  =  1.0
  [135,  46]  =  1.0
  [231,  46]  =  -1.0
  [47 ,  47]  =  -0.213643
  [48 ,  47]  =  -0.00209524
  [49 ,  47]  =  0.000979195
  [89 ,  47]  =  1.0
  [136,  47]  =  1.0
  [232,  47]  =  -1.0
  [47 ,  48]  =  -0.00209524
  [48 ,  48]  =  -0.243908
  [49 ,  48]  =  -0.0371151
  [89 ,  48]  =  1.0
  [137,  48]  =  1.0
  [233,  48]  =  -1.0
  [47 ,  49]  =  0.000979195
  [48 ,  49]  =  -0.0371151
  [49 ,  49]  =  -0.156759
  [89 ,  49]  =  1.0
  [138,  49]  =  1.0
  [234,  49]  =  -1.0
  [50 ,  50]  =  -0.241763
  [51 ,  50]  =  -0.00874285
  [52 ,  50]  =  -0.00922927
  [89 ,  50]  =  1.0
  [139,  50]  =  1.0
  [235,  50]  =  -1.0
  [50 ,  51]  =  -0.00874285
  [51 ,  51]  =  -0.145412
  [52 ,  51]  =  -0.0122951
  [89 ,  51]  =  1.0
  [140,  51]  =  1.0
  [236,  51]  =  -1.0
  [50 ,  52]  =  -0.00922927
  [51 ,  52]  =  -0.0122951
  [52 ,  52]  =  -0.0981275
  [89 ,  52]  =  1.0
  [141,  52]  =  1.0
  [237,  52]  =  -1.0
  [53 ,  53]  =  -0.293011
  [54 ,  53]  =  -0.00558901
  [55 ,  53]  =  0.000160011
  [89 ,  53]  =  1.0
  [142,  53]  =  1.0
  [238,  53]  =  -1.0
  [53 ,  54]  =  -0.00558901
  [54 ,  54]  =  -0.243066
  [55 ,  54]  =  -0.0116448
  [89 ,  54]  =  1.0
  [143,  54]  =  1.0
  [239,  54]  =  -1.0
  [53 ,  55]  =  0.000160011
  [54 ,  55]  =  -0.0116448
  [55 ,  55]  =  -0.45983
  [89 ,  55]  =  1.0
  [144,  55]  =  1.0
  [240,  55]  =  -1.0
  [56 ,  56]  =  -0.165501
  [57 ,  56]  =  -0.00823732
  [58 ,  56]  =  -0.00326542
  [89 ,  56]  =  1.0
  [145,  56]  =  1.0
  [241,  56]  =  -1.0
  [56 ,  57]  =  -0.00823732
  [57 ,  57]  =  -0.514569
  [58 ,  57]  =  -0.0021401
  [89 ,  57]  =  1.0
  [146,  57]  =  1.0
  [242,  57]  =  -1.0
  [56 ,  58]  =  -0.00326542
  [57 ,  58]  =  -0.0021401
  [58 ,  58]  =  -0.689545
  [89 ,  58]  =  1.0
  [147,  58]  =  1.0
  [243,  58]  =  -1.0
  [59 ,  59]  =  -0.165632
  [60 ,  59]  =  -0.00805468
  [61 ,  59]  =  -0.0149538
  [89 ,  59]  =  1.0
  [148,  59]  =  1.0
  [244,  59]  =  -1.0
  [59 ,  60]  =  -0.00805468
  [60 ,  60]  =  -0.163112
  [61 ,  60]  =  -0.00512693
  [89 ,  60]  =  1.0
  [149,  60]  =  1.0
  [245,  60]  =  -1.0
  [59 ,  61]  =  -0.0149538
  [60 ,  61]  =  -0.00512693
  [61 ,  61]  =  -0.46638
  [89 ,  61]  =  1.0
  [150,  61]  =  1.0
  [246,  61]  =  -1.0
  [62 ,  62]  =  -0.238518
  [63 ,  62]  =  -0.00914149
  [64 ,  62]  =  -0.00546284
  [89 ,  62]  =  1.0
  [151,  62]  =  1.0
  [247,  62]  =  -1.0
  [62 ,  63]  =  -0.00914149
  [63 ,  63]  =  -0.238447
  [64 ,  63]  =  0.00664963
  [89 ,  63]  =  1.0
  [152,  63]  =  1.0
  [248,  63]  =  -1.0
  [62 ,  64]  =  -0.00546284
  [63 ,  64]  =  0.00664963
  [64 ,  64]  =  -0.569731
  [89 ,  64]  =  1.0
  [153,  64]  =  1.0
  [249,  64]  =  -1.0
  [65 ,  65]  =  -0.329107
  [66 ,  65]  =  -0.0273771
  [67 ,  65]  =  -0.0249991
  [89 ,  65]  =  1.0
  [154,  65]  =  1.0
  [250,  65]  =  -1.0
  [334,  65]  =  -1.41421
  [65 ,  66]  =  -0.0273771
  [66 ,  66]  =  -1.23396
  [67 ,  66]  =  0.00404655
  [89 ,  66]  =  1.0
  [155,  66]  =  1.0
  [251,  66]  =  -1.0
  [335,  66]  =  -1.41421
  [65 ,  67]  =  -0.0249991
  [66 ,  67]  =  0.00404655
  [67 ,  67]  =  -0.560669
  [89 ,  67]  =  1.0
  [156,  67]  =  1.0
  [252,  67]  =  -1.0
  [336,  67]  =  -1.41421
  [68 ,  68]  =  -0.179487
  [69 ,  68]  =  -0.00201138
  [70 ,  68]  =  -0.000431184
  [89 ,  68]  =  1.0
  [157,  68]  =  1.0
  [253,  68]  =  -1.0
  [362,  68]  =  -1.41421
  [68 ,  69]  =  -0.00201138
  [69 ,  69]  =  -0.299951
  [70 ,  69]  =  -0.0359722
  [89 ,  69]  =  1.0
  [158,  69]  =  1.0
  [254,  69]  =  -1.0
  [363,  69]  =  -1.41421
  [68 ,  70]  =  -0.000431184
  [69 ,  70]  =  -0.0359722
  [70 ,  70]  =  -0.133956
  [89 ,  70]  =  1.0
  [159,  70]  =  1.0
  [255,  70]  =  -1.0
  [364,  70]  =  -1.41421
  [71 ,  71]  =  -0.13334
  [72 ,  71]  =  -0.0107093
  [73 ,  71]  =  -0.00960557
  [89 ,  71]  =  1.0
  [160,  71]  =  1.0
  [256,  71]  =  -1.0
  [390,  71]  =  -1.41421
  [71 ,  72]  =  -0.0107093
  [72 ,  72]  =  -1.4378
  [73 ,  72]  =  0.000546104
  [89 ,  72]  =  1.0
  [161,  72]  =  1.0
  [257,  72]  =  -1.0
  [391,  72]  =  -1.41421
  [71 ,  73]  =  -0.00960557
  [72 ,  73]  =  0.000546104
  [73 ,  73]  =  -0.122563
  [89 ,  73]  =  1.0
  [162,  73]  =  1.0
  [258,  73]  =  -1.0
  [392,  73]  =  -1.41421
  [74 ,  74]  =  -0.216935
  [75 ,  74]  =  -0.0074893
  [76 ,  74]  =  -0.00144001
  [89 ,  74]  =  1.0
  [163,  74]  =  1.0
  [259,  74]  =  -1.0
  [418,  74]  =  -1.41421
  [74 ,  75]  =  -0.0074893
  [75 ,  75]  =  -0.511542
  [76 ,  75]  =  0.00022959
  [89 ,  75]  =  1.0
  [164,  75]  =  1.0
  [260,  75]  =  -1.0
  [419,  75]  =  -1.41421
  [74 ,  76]  =  -0.00144001
  [75 ,  76]  =  0.00022959
  [76 ,  76]  =  -0.177184
  [89 ,  76]  =  1.0
  [165,  76]  =  1.0
  [261,  76]  =  -1.0
  [420,  76]  =  -1.41421
  [77 ,  77]  =  -0.355942
  [78 ,  77]  =  -0.018985
  [79 ,  77]  =  -0.0260083
  [89 ,  77]  =  1.0
  [166,  77]  =  1.0
  [262,  77]  =  -1.0
  [446,  77]  =  -1.41421
  [77 ,  78]  =  -0.018985
  [78 ,  78]  =  -0.255562
  [79 ,  78]  =  -0.0370956
  [89 ,  78]  =  1.0
  [167,  78]  =  1.0
  [263,  78]  =  -1.0
  [447,  78]  =  -1.41421
  [77 ,  79]  =  -0.0260083
  [78 ,  79]  =  -0.0370956
  [79 ,  79]  =  -0.527641
  [89 ,  79]  =  1.0
  [168,  79]  =  1.0
  [264,  79]  =  -1.0
  [448,  79]  =  -1.41421
  [80 ,  80]  =  -0.414291
  [81 ,  80]  =  -0.0567895
  [82 ,  80]  =  0.0297005
  [89 ,  80]  =  1.0
  [169,  80]  =  1.0
  [265,  80]  =  -1.0
  [474,  80]  =  -1.41421
  [80 ,  81]  =  -0.0567895
  [81 ,  81]  =  -0.305452
  [82 ,  81]  =  0.00401304
  [89 ,  81]  =  1.0
  [170,  81]  =  1.0
  [266,  81]  =  -1.0
  [475,  81]  =  -1.41421
  [80 ,  82]  =  0.0297005
  [81 ,  82]  =  0.00401304
  [82 ,  82]  =  -1.88848
  [89 ,  82]  =  1.0
  [171,  82]  =  1.0
  [267,  82]  =  -1.0
  [476,  82]  =  -1.41421
  [83 ,  83]  =  -0.266801
  [84 ,  83]  =  -0.0301336
  [85 ,  83]  =  -0.0222575
  [89 ,  83]  =  1.0
  [172,  83]  =  1.0
  [268,  83]  =  -1.0
  [502,  83]  =  -1.41421
  [83 ,  84]  =  -0.0301336
  [84 ,  84]  =  -0.406275
  [85 ,  84]  =  -0.0128117
  [89 ,  84]  =  1.0
  [173,  84]  =  1.0
  [269,  84]  =  -1.0
  [503,  84]  =  -1.41421
  [83 ,  85]  =  -0.0222575
  [84 ,  85]  =  -0.0128117
  [85 ,  85]  =  -0.227954
  [89 ,  85]  =  1.0
  [174,  85]  =  1.0
  [270,  85]  =  -1.0
  [504,  85]  =  -1.41421
  [86 ,  86]  =  -0.243468
  [87 ,  86]  =  -0.0413384
  [88 ,  86]  =  -0.0105611
  [89 ,  86]  =  1.0
  [175,  86]  =  1.0
  [271,  86]  =  -1.0
  [530,  86]  =  -1.41421
  [86 ,  87]  =  -0.0413384
  [87 ,  87]  =  -0.424833
  [88 ,  87]  =  -0.010617
  [89 ,  87]  =  1.0
  [176,  87]  =  1.0
  [272,  87]  =  -1.0
  [531,  87]  =  -1.41421
  [86 ,  88]  =  -0.0105611
  [87 ,  88]  =  -0.010617
  [88 ,  88]  =  -0.217914
  [89 ,  88]  =  1.0
  [177,  88]  =  1.0
  [273,  88]  =  -1.0
  [532,  88]  =  -1.41421
  [274,  89]  =  -1.0
  [337,  89]  =  0.00078814
  [352,  89]  =  -1.0
  [355,  89]  =  -1.0
  [357,  89]  =  -1.0
  [275,  90]  =  -1.0
  [365,  90]  =  0.000865512
  [371,  90]  =  0.000179939
  [376,  90]  =  0.000179939
  [380,  90]  =  -1.0
  [383,  90]  =  -1.0
  [385,  90]  =  -1.0
  [276,  91]  =  -1.0
  [393,  91]  =  0.00334221
  [394,  91]  =  0.00362639
  [395,  91]  =  0.00575951
  [399,  91]  =  0.0026376
  [400,  91]  =  0.00285596
  [404,  91]  =  0.00130947
  [408,  91]  =  -1.0
  [411,  91]  =  -1.0
  [413,  91]  =  -1.0
  [277,  92]  =  -1.0
  [421,  92]  =  0.000815559
  [422,  92]  =  0.000873152
  [423,  92]  =  0.00216892
  [427,  92]  =  7.09924e-5
  [428,  92]  =  0.000286333
  [432,  92]  =  0.00145065
  [436,  92]  =  -1.0
  [439,  92]  =  -1.0
  [441,  92]  =  -1.0
  [278,  93]  =  -1.0
  [449,  93]  =  0.000795624
  [450,  93]  =  0.000821427
  [451,  93]  =  0.000509257
  [455,  93]  =  0.000318739
  [456,  93]  =  0.000907104
  [460,  93]  =  0.00202877
  [464,  93]  =  -1.0
  [467,  93]  =  -1.0
  [469,  93]  =  -1.0
  [279,  94]  =  -1.0
  [488,  94]  =  0.0156453
  [492,  94]  =  -1.0
  [495,  94]  =  -1.0
  [497,  94]  =  -1.0
  [280,  95]  =  -1.0
  [505,  95]  =  0.000432232
  [506,  95]  =  0.000520776
  [507,  95]  =  0.00117683
  [511,  95]  =  0.00036515
  [512,  95]  =  0.000984806
  [516,  95]  =  3.17484e-5
  [520,  95]  =  -1.0
  [523,  95]  =  -1.0
  [525,  95]  =  -1.0
  [281,  96]  =  -1.0
  [533,  96]  =  0.000699505
  [534,  96]  =  0.00109638
  [539,  96]  =  0.000252852
  [548,  96]  =  -1.0
  [551,  96]  =  -1.0
  [553,  96]  =  -1.0
  [1  ,  97]  =  1.0
  [283,  97]  =  -1.0
  [2  ,  98]  =  1.0
  [284,  98]  =  -1.0
  [3  ,  99]  =  1.0
  [285,  99]  =  -1.0
  [4  , 100]  =  1.0
  [286, 100]  =  -1.0
  [5  , 101]  =  1.0
  [287, 101]  =  -1.0
  [6  , 102]  =  1.0
  [289, 102]  =  -1.0
  [7  , 103]  =  1.0
  [290, 103]  =  -1.0
  [8  , 104]  =  1.0
  [291, 104]  =  -1.0
  [9  , 105]  =  1.0
  [292, 105]  =  -1.0
  [10 , 106]  =  1.0
  [293, 106]  =  -1.0
  [11 , 107]  =  1.0
  [295, 107]  =  -1.0
  [12 , 108]  =  1.0
  [296, 108]  =  -1.0
  [13 , 109]  =  1.0
  [297, 109]  =  -1.0
  [14 , 110]  =  1.0
  [298, 110]  =  -1.0
  [15 , 111]  =  1.0
  [299, 111]  =  -1.0
  [16 , 112]  =  1.0
  [301, 112]  =  -1.0
  [17 , 113]  =  1.0
  [302, 113]  =  -1.0
  [18 , 114]  =  1.0
  [303, 114]  =  -1.0
  [19 , 115]  =  1.0
  [304, 115]  =  -1.0
  [20 , 116]  =  1.0
  [305, 116]  =  -1.0
  [21 , 117]  =  1.0
  [307, 117]  =  -1.0
  [22 , 118]  =  1.0
  [308, 118]  =  -1.0
  [23 , 119]  =  1.0
  [309, 119]  =  -1.0
  [24 , 120]  =  1.0
  [310, 120]  =  -1.0
  [25 , 121]  =  1.0
  [311, 121]  =  -1.0
  [26 , 122]  =  1.0
  [313, 122]  =  -1.0
  [27 , 123]  =  1.0
  [314, 123]  =  -1.0
  [28 , 124]  =  1.0
  [315, 124]  =  -1.0
  [29 , 125]  =  1.0
  [316, 125]  =  -1.0
  [30 , 126]  =  1.0
  [317, 126]  =  -1.0
  [31 , 127]  =  1.0
  [319, 127]  =  -1.0
  [32 , 128]  =  1.0
  [320, 128]  =  -1.0
  [33 , 129]  =  1.0
  [321, 129]  =  -1.0
  [34 , 130]  =  1.0
  [322, 130]  =  -1.0
  [35 , 131]  =  1.0
  [323, 131]  =  -1.0
  [36 , 132]  =  1.0
  [325, 132]  =  -1.0
  [37 , 133]  =  1.0
  [326, 133]  =  -1.0
  [38 , 134]  =  1.0
  [327, 134]  =  -1.0
  [39 , 135]  =  1.0
  [328, 135]  =  -1.0
  [40 , 136]  =  1.0
  [329, 136]  =  -1.0
  [41 , 137]  =  1.0
  [555, 137]  =  -1.0
  [558, 137]  =  1.0
  [42 , 138]  =  1.0
  [561, 138]  =  -1.0
  [564, 138]  =  1.0
  [43 , 139]  =  1.0
  [567, 139]  =  -1.0
  [570, 139]  =  1.0
  [44 , 140]  =  1.0
  [573, 140]  =  -1.0
  [576, 140]  =  1.0
  [45 , 141]  =  1.0
  [579, 141]  =  -1.0
  [582, 141]  =  1.0
  [46 , 142]  =  1.0
  [585, 142]  =  -1.0
  [588, 142]  =  1.0
  [47 , 143]  =  1.0
  [591, 143]  =  -1.0
  [594, 143]  =  1.0
  [48 , 144]  =  1.0
  [597, 144]  =  -1.0
  [600, 144]  =  1.0
  [49 , 145]  =  1.0
  [603, 145]  =  -1.0
  [606, 145]  =  1.0
  [50 , 146]  =  1.0
  [609, 146]  =  -1.0
  [612, 146]  =  1.0
  [51 , 147]  =  1.0
  [615, 147]  =  -1.0
  [618, 147]  =  1.0
  [52 , 148]  =  1.0
  [621, 148]  =  -1.0
  [624, 148]  =  1.0
  [53 , 149]  =  1.0
  [627, 149]  =  -1.0
  [630, 149]  =  1.0
  [54 , 150]  =  1.0
  [633, 150]  =  -1.0
  [636, 150]  =  1.0
  [55 , 151]  =  1.0
  [639, 151]  =  -1.0
  [642, 151]  =  1.0
  [56 , 152]  =  1.0
  [645, 152]  =  -1.0
  [648, 152]  =  1.0
  [57 , 153]  =  1.0
  [651, 153]  =  -1.0
  [654, 153]  =  1.0
  [58 , 154]  =  1.0
  [657, 154]  =  -1.0
  [660, 154]  =  1.0
  [59 , 155]  =  1.0
  [663, 155]  =  -1.0
  [666, 155]  =  1.0
  [60 , 156]  =  1.0
  [669, 156]  =  -1.0
  [672, 156]  =  1.0
  [61 , 157]  =  1.0
  [675, 157]  =  -1.0
  [678, 157]  =  1.0
  [62 , 158]  =  1.0
  [681, 158]  =  -1.0
  [684, 158]  =  1.0
  [63 , 159]  =  1.0
  [687, 159]  =  -1.0
  [690, 159]  =  1.0
  [64 , 160]  =  1.0
  [693, 160]  =  -1.0
  [696, 160]  =  1.0
  [65 , 161]  =  1.0
  [331, 161]  =  -1.41421
  [66 , 162]  =  1.0
  [332, 162]  =  -1.41421
  [67 , 163]  =  1.0
  [333, 163]  =  -1.41421
  [68 , 164]  =  1.0
  [359, 164]  =  -1.41421
  [69 , 165]  =  1.0
  [360, 165]  =  -1.41421
  [70 , 166]  =  1.0
  [361, 166]  =  -1.41421
  [71 , 167]  =  1.0
  [387, 167]  =  -1.41421
  [72 , 168]  =  1.0
  [388, 168]  =  -1.41421
  [73 , 169]  =  1.0
  [389, 169]  =  -1.41421
  [74 , 170]  =  1.0
  [415, 170]  =  -1.41421
  [75 , 171]  =  1.0
  [416, 171]  =  -1.41421
  [76 , 172]  =  1.0
  [417, 172]  =  -1.41421
  [77 , 173]  =  1.0
  [443, 173]  =  -1.41421
  [78 , 174]  =  1.0
  [444, 174]  =  -1.41421
  [79 , 175]  =  1.0
  [445, 175]  =  -1.41421
  [80 , 176]  =  1.0
  [471, 176]  =  -1.41421
  [81 , 177]  =  1.0
  [472, 177]  =  -1.41421
  [82 , 178]  =  1.0
  [473, 178]  =  -1.41421
  [83 , 179]  =  1.0
  [499, 179]  =  -1.41421
  [84 , 180]  =  1.0
  [500, 180]  =  -1.41421
  [85 , 181]  =  1.0
  [501, 181]  =  -1.41421
  [86 , 182]  =  1.0
  [527, 182]  =  -1.41421
  [87 , 183]  =  1.0
  [528, 183]  =  -1.41421
  [88 , 184]  =  1.0
  [529, 184]  =  -1.41421
  [178, 185]  =  1.0
  [554, 185]  =  1.0
  [178, 186]  =  1.0
  [560, 186]  =  1.0
  [178, 187]  =  1.0
  [566, 187]  =  1.0
  [178, 188]  =  1.0
  [557, 188]  =  1.0
  [178, 189]  =  1.0
  [563, 189]  =  1.0
  [178, 190]  =  1.0
  [569, 190]  =  1.0
  [179, 191]  =  1.0
  [572, 191]  =  1.0
  [179, 192]  =  1.0
  [578, 192]  =  1.0
  [179, 193]  =  1.0
  [584, 193]  =  1.0
  [179, 194]  =  1.0
  [575, 194]  =  1.0
  [179, 195]  =  1.0
  [581, 195]  =  1.0
  [179, 196]  =  1.0
  [587, 196]  =  1.0
  [180, 197]  =  1.0
  [590, 197]  =  1.0
  [180, 198]  =  1.0
  [596, 198]  =  1.0
  [180, 199]  =  1.0
  [602, 199]  =  1.0
  [180, 200]  =  1.0
  [593, 200]  =  1.0
  [180, 201]  =  1.0
  [599, 201]  =  1.0
  [180, 202]  =  1.0
  [605, 202]  =  1.0
  [181, 203]  =  1.0
  [608, 203]  =  1.0
  [181, 204]  =  1.0
  [614, 204]  =  1.0
  [181, 205]  =  1.0
  [620, 205]  =  1.0
  [181, 206]  =  1.0
  [611, 206]  =  1.0
  [181, 207]  =  1.0
  [617, 207]  =  1.0
  [181, 208]  =  1.0
  [623, 208]  =  1.0
  [182, 209]  =  1.0
  [626, 209]  =  1.0
  [182, 210]  =  1.0
  [632, 210]  =  1.0
  [182, 211]  =  1.0
  [638, 211]  =  1.0
  [182, 212]  =  1.0
  [629, 212]  =  1.0
  [182, 213]  =  1.0
  [635, 213]  =  1.0
  [182, 214]  =  1.0
  [641, 214]  =  1.0
  [183, 215]  =  1.0
  [644, 215]  =  1.0
  [183, 216]  =  1.0
  [650, 216]  =  1.0
  [183, 217]  =  1.0
  [656, 217]  =  1.0
  [183, 218]  =  1.0
  [647, 218]  =  1.0
  [183, 219]  =  1.0
  [653, 219]  =  1.0
  [183, 220]  =  1.0
