----------------------------------------------------------------------------
	SCS v1.2.6 - Splitting Conic Solver
	(c) Brendan O'Donoghue, Stanford University, 2012-2016
----------------------------------------------------------------------------
Lin-sys: sparse-direct, nnz in A = 8372
eps = 1.00e-04, alpha = 1.80, max_iters = 50000, normalize = 1, scale = 5.00
Variables n = 824, constraints m = 2417
Cones:	primal zero / dual free vars: 328
	linear vars: 673
	soc vars: 208, soc blks: 8
	sd vars: 728, sd blks: 8
	exp vars: 480, dual exp vars: 0
Setup time: 1.68e-03s
----------------------------------------------------------------------------
 Iter | pri res | dua res | rel gap | pri obj | dua obj | kap/tau | time (s)
----------------------------------------------------------------------------
     0|      inf       inf      -nan      -inf      -inf       inf  3.43e-03 
   100| 2.10e-03  1.57e-02  1.56e-02 -2.54e-01 -2.31e-01  2.47e-15  3.67e-01 
   200| 1.31e-03  9.98e-03  1.16e-02 -2.44e-01 -2.27e-01  0.00e+00  7.35e-01 
   300| 1.06e-03  4.98e-03  1.11e-02 -2.41e-01 -2.25e-01  1.26e-15  1.07e+00 
   400| 9.26e-04  2.96e-03  1.06e-02 -2.39e-01 -2.24e-01  0.00e+00  1.42e+00 
   500| 8.39e-04  3.53e-03  1.03e-02 -2.38e-01 -2.23e-01  1.28e-15  1.78e+00 
   600| 8.50e-04  2.92e-03  9.94e-03 -2.36e-01 -2.22e-01  0.00e+00  2.14e+00 
   700| 8.49e-04  1.81e-03  9.77e-03 -2.35e-01 -2.21e-01  1.30e-15  2.49e+00 
   800| 8.10e-04  1.45e-03  9.70e-03 -2.34e-01 -2.20e-01  0.00e+00  2.85e+00 
   900| 7.79e-04  1.32e-03  9.68e-03 -2.34e-01 -2.19e-01  1.32e-15  3.21e+00 
  1000| 7.59e-04  1.20e-03  9.68e-03 -2.33e-01 -2.19e-01  0.00e+00  3.57e+00 
  1100| 5.91e-04  1.12e-03  9.95e-03 -2.33e-01 -2.18e-01  1.34e-15  3.92e+00 
  1200| 5.55e-04  1.03e-03  9.72e-03 -2.32e-01 -2.18e-01  1.36e-15  4.28e+00 
  1300| 5.24e-04  9.43e-04  9.50e-03 -2.31e-01 -2.17e-01  1.37e-15  4.64e+00 
  1400| 4.95e-04  8.97e-04  9.28e-03 -2.30e-01 -2.17e-01  0.00e+00  5.01e+00 
  1500| 4.68e-04  8.59e-04  9.07e-03 -2.30e-01 -2.17e-01  0.00e+00  5.37e+00 
  1600| 4.46e-04  8.17e-04  8.86e-03 -2.29e-01 -2.16e-01  0.00e+00  5.74e+00 
  1700| 4.28e-04  7.81e-04  8.66e-03 -2.29e-01 -2.16e-01  0.00e+00  6.11e+00 
  1800| 4.13e-04  7.50e-04  8.46e-03 -2.28e-01 -2.16e-01  0.00e+00  6.46e+00 
  1900| 4.00e-04  7.21e-04  8.28e-03 -2.27e-01 -2.16e-01  0.00e+00  6.81e+00 
  2000| 3.90e-04  6.95e-04  8.11e-03 -2.27e-01 -2.15e-01  0.00e+00  7.14e+00 
  2100| 3.81e-04  6.71e-04  7.96e-03 -2.27e-01 -2.15e-01  0.00e+00  7.48e+00 
  2200| 3.75e-04  6.50e-04  7.81e-03 -2.26e-01 -2.15e-01  0.00e+00  7.82e+00 
  2300| 3.70e-04  6.30e-04  7.68e-03 -2.26e-01 -2.15e-01  0.00e+00  8.15e+00 
  2400| 3.67e-04  6.12e-04  7.56e-03 -2.25e-01 -2.15e-01  0.00e+00  8.49e+00 
  2500| 3.64e-04  5.95e-04  7.46e-03 -2.25e-01 -2.14e-01  0.00e+00  8.82e+00 
  2600| 3.62e-04  5.79e-04  7.36e-03 -2.25e-01 -2.14e-01  0.00e+00  9.15e+00 
  2700| 3.60e-04  5.65e-04  7.28e-03 -2.25e-01 -2.14e-01  0.00e+00  9.49e+00 
  2800| 3.59e-04  5.51e-04  7.21e-03 -2.24e-01 -2.14e-01  0.00e+00  9.82e+00 
  2900| 3.58e-04  5.39e-04  7.15e-03 -2.24e-01 -2.14e-01  0.00e+00  1.02e+01 
  3000| 3.58e-04  5.27e-04  7.10e-03 -2.24e-01 -2.14e-01  0.00e+00  1.05e+01 
  3100| 3.57e-04  5.16e-04  7.05e-03 -2.24e-01 -2.13e-01  0.00e+00  1.08e+01 
  3200| 3.57e-04  5.06e-04  7.01e-03 -2.23e-01 -2.13e-01  0.00e+00  1.12e+01 
  3300| 3.56e-04  4.96e-04  6.98e-03 -2.23e-01 -2.13e-01  0.00e+00  1.15e+01 
  3400| 3.56e-04  4.86e-04  6.96e-03 -2.23e-01 -2.13e-01  0.00e+00  1.18e+01 
  3500| 3.56e-04  4.77e-04  6.93e-03 -2.23e-01 -2.13e-01  0.00e+00  1.22e+01 
  3600| 3.56e-04  4.69e-04  6.92e-03 -2.23e-01 -2.13e-01  0.00e+00  1.25e+01 
  3700| 3.55e-04  4.61e-04  6.91e-03 -2.23e-01 -2.13e-01  0.00e+00  1.29e+01 
  3800| 3.55e-04  4.53e-04  6.90e-03 -2.22e-01 -2.13e-01  0.00e+00  1.32e+01 
  3900| 3.55e-04  4.46e-04  6.90e-03 -2.22e-01 -2.12e-01  0.00e+00  1.36e+01 
  4000| 3.55e-04  4.39e-04  6.89e-03 -2.22e-01 -2.12e-01  0.00e+00  1.39e+01 
  4100| 3.55e-04  4.32e-04  6.90e-03 -2.22e-01 -2.12e-01  0.00e+00  1.43e+01 
  4200| 3.55e-04  4.26e-04  6.90e-03 -2.22e-01 -2.12e-01  0.00e+00  1.46e+01 
  4300| 3.55e-04  4.19e-04  6.91e-03 -2.22e-01 -2.12e-01  0.00e+00  1.50e+01 
  4400| 3.55e-04  4.13e-04  6.92e-03 -2.22e-01 -2.12e-01  0.00e+00  1.53e+01 
  4500| 3.56e-04  4.07e-04  6.93e-03 -2.22e-01 -2.12e-01  0.00e+00  1.57e+01 
  4600| 3.56e-04  4.02e-04  6.94e-03 -2.21e-01 -2.11e-01  0.00e+00  1.61e+01 
  4700| 3.56e-04  3.96e-04  6.96e-03 -2.21e-01 -2.11e-01  0.00e+00  1.65e+01 
  4800| 3.56e-04  3.91e-04  6.97e-03 -2.21e-01 -2.11e-01  0.00e+00  1.68e+01 
  4900| 3.56e-04  3.86e-04  6.99e-03 -2.21e-01 -2.11e-01  0.00e+00  1.72e+01 
  5000| 3.57e-04  3.81e-04  7.01e-03 -2.21e-01 -2.11e-01  0.00e+00  1.76e+01 
  5100| 3.57e-04  3.76e-04  7.03e-03 -2.21e-01 -2.11e-01  0.00e+00  1.79e+01 
  5200| 3.58e-04  3.71e-04  7.05e-03 -2.21e-01 -2.11e-01  0.00e+00  1.83e+01 
  5300| 3.58e-04  3.67e-04  7.08e-03 -2.21e-01 -2.11e-01  0.00e+00  1.87e+01 
  5400| 3.58e-04  3.62e-04  7.10e-03 -2.21e-01 -2.11e-01  0.00e+00  1.91e+01 
  5500| 3.59e-04  3.58e-04  7.13e-03 -2.21e-01 -2.10e-01  0.00e+00  1.94e+01 
  5600| 3.59e-04  3.54e-04  7.16e-03 -2.20e-01 -2.10e-01  0.00e+00  1.98e+01 
  5700| 3.60e-04  3.50e-04  7.18e-03 -2.20e-01 -2.10e-01  0.00e+00  2.02e+01 
  5800| 3.60e-04  3.46e-04  7.21e-03 -2.20e-01 -2.10e-01  0.00e+00  2.05e+01 
  5900| 3.61e-04  3.42e-04  7.24e-03 -2.20e-01 -2.10e-01  0.00e+00  2.09e+01 
  6000| 3.62e-04  3.38e-04  7.28e-03 -2.20e-01 -2.10e-01  0.00e+00  2.13e+01 
  6100| 3.62e-04  3.34e-04  7.31e-03 -2.20e-01 -2.10e-01  0.00e+00  2.16e+01 
  6200| 3.63e-04  3.30e-04  7.34e-03 -2.20e-01 -2.10e-01  0.00e+00  2.20e+01 
  6300| 3.64e-04  3.27e-04  7.38e-03 -2.20e-01 -2.09e-01  0.00e+00  2.24e+01 
  6400| 3.64e-04  3.23e-04  7.41e-03 -2.20e-01 -2.09e-01  0.00e+00  2.28e+01 
  6500| 3.65e-04  3.20e-04  7.45e-03 -2.20e-01 -2.09e-01  0.00e+00  2.31e+01 
  6600| 3.66e-04  3.17e-04  7.48e-03 -2.20e-01 -2.09e-01  0.00e+00  2.35e+01 
  6700| 3.67e-04  3.13e-04  7.52e-03 -2.20e-01 -2.09e-01  0.00e+00  2.39e+01 
  6800| 3.68e-04  3.10e-04  7.56e-03 -2.20e-01 -2.09e-01  0.00e+00  2.42e+01 
  6900| 3.69e-04  3.07e-04  7.60e-03 -2.19e-01 -2.09e-01  0.00e+00  2.46e+01 
  7000| 3.70e-04  3.04e-04  7.64e-03 -2.19e-01 -2.09e-01  0.00e+00  2.50e+01 
  7100| 3.71e-04  3.01e-04  7.68e-03 -2.19e-01 -2.08e-01  0.00e+00  2.54e+01 
  7200| 3.71e-04  2.98e-04  7.72e-03 -2.19e-01 -2.08e-01  0.00e+00  2.57e+01 
  7300| 3.72e-04  2.95e-04  7.76e-03 -2.19e-01 -2.08e-01  0.00e+00  2.62e+01 
  7400| 3.74e-04  2.92e-04  7.81e-03 -2.19e-01 -2.08e-01  0.00e+00  2.65e+01 
  7500| 3.75e-04  2.89e-04  7.85e-03 -2.19e-01 -2.08e-01  0.00e+00  2.69e+01 
  7600| 3.76e-04  2.86e-04  7.89e-03 -2.19e-01 -2.08e-01  0.00e+00  2.73e+01 
  7700| 3.77e-04  2.83e-04  7.94e-03 -2.19e-01 -2.08e-01  0.00e+00  2.77e+01 
  7800| 3.78e-04  2.80e-04  7.99e-03 -2.19e-01 -2.07e-01  0.00e+00  2.81e+01 
  7900| 3.79e-04  2.78e-04  8.03e-03 -2.19e-01 -2.07e-01  0.00e+00  2.84e+01 
  8000| 3.80e-04  2.75e-04  8.08e-03 -2.19e-01 -2.07e-01  0.00e+00  2.88e+01 
  8100| 3.82e-04  2.72e-04  8.13e-03 -2.19e-01 -2.07e-01  0.00e+00  2.92e+01 
  8200| 3.83e-04  2.70e-04  8.18e-03 -2.19e-01 -2.07e-01  0.00e+00  2.96e+01 
  8300| 3.84e-04  2.67e-04  8.23e-03 -2.19e-01 -2.07e-01  0.00e+00  2.99e+01 
  8400| 3.85e-04  2.65e-04  8.28e-03 -2.18e-01 -2.07e-01  0.00e+00  3.03e+01 
  8500| 3.87e-04  2.62e-04  8.33e-03 -2.18e-01 -2.07e-01  0.00e+00  3.06e+01 
  8600| 3.88e-04  2.60e-04  8.39e-03 -2.18e-01 -2.06e-01  0.00e+00  3.10e+01 
  8700| 3.90e-04  2.57e-04  8.44e-03 -2.18e-01 -2.06e-01  0.00e+00  3.13e+01 
  8800| 3.91e-04  2.55e-04  8.49e-03 -2.18e-01 -2.06e-01  0.00e+00  3.17e+01 
  8900| 3.92e-04  2.53e-04  8.55e-03 -2.18e-01 -2.06e-01  0.00e+00  3.20e+01 
  9000| 3.94e-04  2.50e-04  8.60e-03 -2.18e-01 -2.06e-01  0.00e+00  3.24e+01 
  9100| 3.95e-04  2.48e-04  8.66e-03 -2.18e-01 -2.06e-01  0.00e+00  3.27e+01 
  9200| 3.97e-04  2.46e-04  8.72e-03 -2.18e-01 -2.06e-01  0.00e+00  3.31e+01 
  9300| 3.99e-04  2.44e-04  8.78e-03 -2.18e-01 -2.05e-01  0.00e+00  3.34e+01 
  9400| 4.00e-04  2.41e-04  8.84e-03 -2.18e-01 -2.05e-01  1.12e-15  3.38e+01 
  9500| 4.02e-04  2.39e-04  8.90e-03 -2.18e-01 -2.05e-01  1.13e-15  3.42e+01 
  9600| 4.03e-04  2.37e-04  8.96e-03 -2.18e-01 -2.05e-01  0.00e+00  3.45e+01 
  9700| 4.05e-04  2.35e-04  9.02e-03 -2.18e-01 -2.05e-01  1.15e-15  3.49e+01 
  9800| 4.07e-04  2.33e-04  9.09e-03 -2.18e-01 -2.05e-01  0.00e+00  3.52e+01 
  9900| 4.09e-04  2.31e-04  9.15e-03 -2.18e-01 -2.05e-01  0.00e+00  3.56e+01 
 10000| 4.10e-04  2.29e-04  9.22e-03 -2.17e-01 -2.04e-01  0.00e+00  3.59e+01 
 10100| 4.12e-04  2.27e-04  9.28e-03 -2.17e-01 -2.04e-01  1.18e-15  3.62e+01 
 10200| 4.14e-04  2.25e-04  9.35e-03 -2.17e-01 -2.04e-01  2.38e-15  3.65e+01 
 10300| 4.16e-04  2.23e-04  9.42e-03 -2.17e-01 -2.04e-01  0.00e+00  3.69e+01 
 10400| 4.18e-04  2.21e-04  9.49e-03 -2.17e-01 -2.04e-01  0.00e+00  3.72e+01 
 10500| 4.20e-04  2.19e-04  9.56e-03 -2.17e-01 -2.04e-01  0.00e+00  3.75e+01 
 10600| 4.22e-04  2.17e-04  9.63e-03 -2.17e-01 -2.03e-01  1.22e-15  3.79e+01 
 10700| 4.24e-04  2.15e-04  9.70e-03 -2.17e-01 -2.03e-01  1.23e-15  3.82e+01 
 10800| 4.26e-04  2.13e-04  9.78e-03 -2.17e-01 -2.03e-01  0.00e+00  3.85e+01 
 10900| 4.28e-04  2.11e-04  9.85e-03 -2.17e-01 -2.03e-01  1.25e-15  3.88e+01 
 11000| 4.30e-04  2.09e-04  9.93e-03 -2.17e-01 -2.03e-01  0.00e+00  3.92e+01 
 11100| 4.33e-04  2.07e-04  1.00e-02 -2.17e-01 -2.03e-01  0.00e+00  3.95e+01 
 11200| 4.35e-04  2.06e-04  1.01e-02 -2.17e-01 -2.02e-01  0.00e+00  3.98e+01 
 11300| 4.37e-04  2.04e-04  1.02e-02 -2.17e-01 -2.02e-01  1.29e-15  4.01e+01 
 11400| 4.39e-04  2.02e-04  1.02e-02 -2.17e-01 -2.02e-01  1.30e-15  4.05e+01 
 11500| 4.42e-04  2.00e-04  1.03e-02 -2.17e-01 -2.02e-01  1.32e-15  4.08e+01 
 11600| 4.44e-04  1.99e-04  1.04e-02 -2.16e-01 -2.02e-01  1.33e-15  4.11e+01 
 11700| 4.47e-04  1.97e-04  1.05e-02 -2.16e-01 -2.02e-01  0.00e+00  4.14e+01 
 11800| 4.49e-04  1.95e-04  1.06e-02 -2.16e-01 -2.01e-01  0.00e+00  4.18e+01 
 11900| 4.52e-04  1.94e-04  1.07e-02 -2.16e-01 -2.01e-01  0.00e+00  4.21e+01 
 12000| 4.54e-04  1.92e-04  1.08e-02 -2.16e-01 -2.01e-01  0.00e+00  4.23e+01 
 12100| 4.57e-04  1.90e-04  1.09e-02 -2.16e-01 -2.01e-01  0.00e+00  4.26e+01 
 12200| 4.60e-04  1.89e-04  1.09e-02 -2.16e-01 -2.01e-01  0.00e+00  4.29e+01 
 12300| 4.62e-04  1.87e-04  1.10e-02 -2.16e-01 -2.00e-01  0.00e+00  4.32e+01 
 12400| 4.65e-04  1.86e-04  1.11e-02 -2.16e-01 -2.00e-01  0.00e+00  4.34e+01 
 12500| 4.68e-04  1.84e-04  1.12e-02 -2.16e-01 -2.00e-01  0.00e+00  4.37e+01 
 12600| 4.71e-04  1.83e-04  1.13e-02 -2.16e-01 -2.00e-01  0.00e+00  4.40e+01 
 12700| 4.74e-04  1.81e-04  1.14e-02 -2.16e-01 -2.00e-01  0.00e+00  4.42e+01 
 12800| 4.77e-04  1.80e-04  1.15e-02 -2.16e-01 -1.99e-01  0.00e+00  4.45e+01 
 12900| 4.80e-04  1.78e-04  1.16e-02 -2.16e-01 -1.99e-01  0.00e+00  4.47e+01 
 13000| 4.83e-04  1.77e-04  1.17e-02 -2.16e-01 -1.99e-01  0.00e+00  4.49e+01 
 13100| 4.86e-04  1.76e-04  1.19e-02 -2.16e-01 -1.99e-01  0.00e+00  4.52e+01 
 13200| 4.90e-04  1.74e-04  1.20e-02 -2.16e-01 -1.99e-01  0.00e+00  4.54e+01 
 13300| 4.93e-04  1.73e-04  1.21e-02 -2.15e-01 -1.98e-01  0.00e+00  4.56e+01 
 13400| 4.96e-04  1.72e-04  1.22e-02 -2.15e-01 -1.98e-01  0.00e+00  4.58e+01 
 13500| 5.00e-04  1.70e-04  1.23e-02 -2.15e-01 -1.98e-01  0.00e+00  4.61e+01 
 13600| 5.03e-04  1.69e-04  1.24e-02 -2.15e-01 -1.98e-01  0.00e+00  4.63e+01 
 13700| 5.07e-04  1.68e-04  1.26e-02 -2.15e-01 -1.97e-01  0.00e+00  4.65e+01 
 13800| 5.10e-04  1.67e-04  1.27e-02 -2.15e-01 -1.97e-01  0.00e+00  4.67e+01 
 13900| 5.14e-04  1.66e-04  1.28e-02 -2.15e-01 -1.97e-01  0.00e+00  4.70e+01 
 14000| 5.18e-04  1.64e-04  1.29e-02 -2.15e-01 -1.97e-01  0.00e+00  4.72e+01 
 14100| 5.22e-04  1.63e-04  1.31e-02 -2.15e-01 -1.96e-01  0.00e+00  4.74e+01 
 14200| 5.26e-04  1.62e-04  1.32e-02 -2.15e-01 -1.96e-01  0.00e+00  4.76e+01 
 14300| 5.30e-04  1.61e-04  1.33e-02 -2.15e-01 -1.96e-01  0.00e+00  4.78e+01 
 14400| 5.34e-04  1.60e-04  1.35e-02 -2.15e-01 -1.96e-01  0.00e+00  4.80e+01 
 14500| 5.38e-04  1.59e-04  1.36e-02 -2.15e-01 -1.95e-01  0.00e+00  4.83e+01 
 14600| 5.42e-04  1.59e-04  1.38e-02 -2.15e-01 -1.95e-01  0.00e+00  4.85e+01 
 14700| 5.47e-04  1.58e-04  1.39e-02 -2.15e-01 -1.95e-01  0.00e+00  4.87e+01 
 14800| 5.51e-04  1.57e-04  1.41e-02 -2.14e-01 -1.95e-01  0.00e+00  4.89e+01 
 14900| 5.56e-04  1.56e-04  1.42e-02 -2.14e-01 -1.94e-01  0.00e+00  4.91e+01 
 15000| 5.60e-04  1.56e-04  1.44e-02 -2.14e-01 -1.94e-01  0.00e+00  4.93e+01 
 15100| 5.65e-04  1.55e-04  1.45e-02 -2.14e-01 -1.94e-01  0.00e+00  4.95e+01 
 15200| 5.70e-04  1.54e-04  1.47e-02 -2.14e-01 -1.93e-01  0.00e+00  4.98e+01 
 15300| 5.75e-04  1.54e-04  1.49e-02 -2.14e-01 -1.93e-01  0.00e+00  5.00e+01 
 15400| 5.80e-04  1.53e-04  1.51e-02 -2.14e-01 -1.93e-01  0.00e+00  5.02e+01 
 15500| 5.85e-04  1.53e-04  1.52e-02 -2.14e-01 -1.93e-01  0.00e+00  5.04e+01 
 15600| 1.33e-04  1.58e-04  1.45e-02 -2.13e-01 -1.92e-01  0.00e+00  5.06e+01 
 15700| 1.27e-04  1.50e-04  1.38e-02 -2.11e-01 -1.92e-01  0.00e+00  5.08e+01 
 15800| 1.21e-04  1.46e-04  1.31e-02 -2.10e-01 -1.92e-01  0.00e+00  5.10e+01 
 15900| 1.15e-04  1.43e-04  1.25e-02 -2.09e-01 -1.92e-01  0.00e+00  5.12e+01 
 16000| 1.09e-04  1.40e-04  1.19e-02 -2.08e-01 -1.91e-01  0.00e+00  5.14e+01 
 16100| 1.05e-04  1.37e-04  1.13e-02 -2.07e-01 -1.91e-01  0.00e+00  5.17e+01 
 16200| 9.99e-05  1.34e-04  1.08e-02 -2.06e-01 -1.91e-01  0.00e+00  5.19e+01 
 16300| 9.56e-05  1.31e-04  1.03e-02 -2.05e-01 -1.91e-01  0.00e+00  5.21e+01 
 16400| 9.16e-05  1.28e-04  9.78e-03 -2.04e-01 -1.91e-01  0.00e+00  5.23e+01 
 16500| 8.79e-05  1.26e-04  9.31e-03 -2.04e-01 -1.91e-01  0.00e+00  5.25e+01 
 16600| 8.45e-05  1.23e-04  8.87e-03 -2.03e-01 -1.91e-01  0.00e+00  5.27e+01 
 16700| 8.12e-05  1.20e-04  8.45e-03 -2.02e-01 -1.91e-01  0.00e+00  5.29e+01 
 16800| 7.82e-05  1.18e-04  8.05e-03 -2.02e-01 -1.90e-01  0.00e+00  5.31e+01 
 16900| 7.54e-05  1.15e-04  7.67e-03 -2.01e-01 -1.90e-01  0.00e+00  5.33e+01 
 17000| 7.28e-05  1.12e-04  7.30e-03 -2.00e-01 -1.90e-01  1.11e-15  5.35e+01 
 17100| 7.04e-05  1.10e-04  6.96e-03 -2.00e-01 -1.90e-01  1.11e-15  5.37e+01 
 17200| 6.81e-05  1.07e-04  6.63e-03 -1.99e-01 -1.90e-01  0.00e+00  5.39e+01 
 17300| 6.59e-05  1.05e-04  6.32e-03 -1.99e-01 -1.90e-01  0.00e+00  5.41e+01 
 17400| 6.39e-05  1.02e-04  6.02e-03 -1.98e-01 -1.90e-01  1.13e-15  5.43e+01 
 17500| 6.21e-05  1.00e-04  5.74e-03 -1.98e-01 -1.90e-01  1.14e-15  5.45e+01 
 17600| 6.03e-05  9.76e-05  5.47e-03 -1.98e-01 -1.90e-01  0.00e+00  5.47e+01 
 17700| 5.87e-05  9.53e-05  5.21e-03 -1.97e-01 -1.90e-01  1.15e-15  5.49e+01 
 17800| 5.72e-05  9.31e-05  4.97e-03 -1.97e-01 -1.90e-01  1.15e-15  5.51e+01 
 17900| 5.57e-05  9.09e-05  4.73e-03 -1.96e-01 -1.90e-01  0.00e+00  5.53e+01 
 18000| 5.44e-05  8.88e-05  4.51e-03 -1.96e-01 -1.90e-01  2.32e-15  5.55e+01 
 18100| 5.31e-05  8.68e-05  4.30e-03 -1.96e-01 -1.90e-01  2.32e-15  5.57e+01 
 18200| 5.19e-05  8.48e-05  4.10e-03 -1.96e-01 -1.90e-01  1.17e-15  5.59e+01 
 18300| 5.08e-05  8.29e-05  3.91e-03 -1.95e-01 -1.90e-01  1.17e-15  5.61e+01 
 18400| 4.98e-05  8.10e-05  3.72e-03 -1.95e-01 -1.90e-01  0.00e+00  5.63e+01 
 18500| 4.88e-05  7.93e-05  3.55e-03 -1.95e-01 -1.90e-01  1.18e-15  5.65e+01 
 18600| 4.79e-05  7.76e-05  3.38e-03 -1.94e-01 -1.90e-01  0.00e+00  5.67e+01 
 18700| 4.70e-05  7.59e-05  3.22e-03 -1.94e-01 -1.90e-01  0.00e+00  5.69e+01 
 18800| 4.62e-05  7.43e-05  3.07e-03 -1.94e-01 -1.90e-01  0.00e+00  5.71e+01 
 18900| 4.55e-05  7.28e-05  2.93e-03 -1.94e-01 -1.90e-01  0.00e+00  5.73e+01 
 19000| 4.47e-05  7.14e-05  2.79e-03 -1.94e-01 -1.90e-01  1.19e-15  5.75e+01 
 19100| 4.41e-05  7.01e-05  2.66e-03 -1.93e-01 -1.90e-01  0.00e+00  5.77e+01 
 19200| 4.34e-05  6.88e-05  2.54e-03 -1.93e-01 -1.90e-01  0.00e+00  5.79e+01 
 19300| 4.28e-05  6.75e-05  2.42e-03 -1.93e-01 -1.90e-01  0.00e+00  5.81e+01 
 19400| 4.23e-05  6.64e-05  2.30e-03 -1.93e-01 -1.90e-01  0.00e+00  5.84e+01 
 19500| 4.17e-05  6.53e-05  2.19e-03 -1.93e-01 -1.90e-01  0.00e+00  5.86e+01 
 19600| 4.12e-05  6.42e-05  2.09e-03 -1.93e-01 -1.90e-01  0.00e+00  5.88e+01 
 19700| 4.08e-05  6.32e-05  1.99e-03 -1.92e-01 -1.90e-01  1.21e-15  5.90e+01 
 19800| 4.03e-05  6.23e-05  1.90e-03 -1.92e-01 -1.90e-01  0.00e+00  5.92e+01 
 19900| 3.99e-05  6.14e-05  1.81e-03 -1.92e-01 -1.90e-01  0.00e+00  5.94e+01 
 20000| 3.95e-05  6.06e-05  1.72e-03 -1.92e-01 -1.90e-01  1.21e-15  5.96e+01 
 20100| 3.91e-05  5.98e-05  1.64e-03 -1.92e-01 -1.90e-01  1.21e-15  5.98e+01 
 20200| 3.87e-05  5.91e-05  1.56e-03 -1.92e-01 -1.90e-01  1.21e-15  6.00e+01 
 20300| 3.84e-05  5.84e-05  1.49e-03 -1.92e-01 -1.90e-01  0.00e+00  6.02e+01 
 20400| 3.80e-05  5.78e-05  1.42e-03 -1.92e-01 -1.90e-01  2.43e-15  6.04e+01 
 20500| 3.77e-05  5.72e-05  1.35e-03 -1.91e-01 -1.90e-01  0.00e+00  6.05e+01 
 20600| 3.74e-05  5.66e-05  1.29e-03 -1.91e-01 -1.90e-01  1.22e-15  6.07e+01 
 20700| 3.71e-05  5.61e-05  1.23e-03 -1.91e-01 -1.90e-01  0.00e+00  6.09e+01 
 20800| 3.68e-05  5.56e-05  1.17e-03 -1.91e-01 -1.90e-01  2.44e-15  6.11e+01 
 20900| 3.65e-05  5.52e-05  1.11e-03 -1.91e-01 -1.90e-01  2.45e-15  6.13e+01 
 21000| 3.63e-05  5.47e-05  1.06e-03 -1.91e-01 -1.90e-01  1.22e-15  6.15e+01 
 21100| 3.60e-05  5.43e-05  1.01e-03 -1.91e-01 -1.90e-01  0.00e+00  6.17e+01 
 21200| 3.58e-05  5.40e-05  9.60e-04 -1.91e-01 -1.90e-01  1.23e-15  6.19e+01 
 21300| 3.56e-05  5.36e-05  9.13e-04 -1.91e-01 -1.90e-01  0.00e+00  6.21e+01 
 21400| 3.53e-05  5.33e-05  8.69e-04 -1.91e-01 -1.90e-01  0.00e+00  6.23e+01 
 21500| 3.51e-05  5.30e-05  8.27e-04 -1.91e-01 -1.90e-01  0.00e+00  6.25e+01 
 21600| 3.49e-05  5.27e-05  7.87e-04 -1.91e-01 -1.90e-01  2.46e-15  6.27e+01 
 21700| 3.47e-05  5.24e-05  7.49e-04 -1.91e-01 -1.90e-01  0.00e+00  6.29e+01 
 21800| 3.45e-05  5.22e-05  7.13e-04 -1.91e-01 -1.90e-01  0.00e+00  6.31e+01 
 21900| 3.43e-05  5.19e-05  6.78e-04 -1.90e-01 -1.90e-01  1.23e-15  6.33e+01 
 22000| 3.41e-05  5.17e-05  6.45e-04 -1.90e-01 -1.90e-01  0.00e+00  6.35e+01 
 22100| 3.40e-05  5.15e-05  6.13e-04 -1.90e-01 -1.90e-01  1.23e-15  6.37e+01 
 22200| 3.38e-05  5.13e-05  5.83e-04 -1.90e-01 -1.90e-01  0.00e+00  6.39e+01 
 22300| 3.36e-05  5.11e-05  5.54e-04 -1.90e-01 -1.90e-01  0.00e+00  6.41e+01 
 22400| 3.35e-05  5.09e-05  5.27e-04 -1.90e-01 -1.90e-01  2.47e-15  6.43e+01 
 22500| 3.33e-05  5.08e-05  5.01e-04 -1.90e-01 -1.90e-01  0.00e+00  6.45e+01 
 22600| 3.31e-05  5.06e-05  4.76e-04 -1.90e-01 -1.90e-01  1.24e-15  6.47e+01 
 22700| 3.30e-05  5.05e-05  4.52e-04 -1.90e-01 -1.90e-01  1.24e-15  6.49e+01 
 22800| 3.28e-05  5.03e-05  4.30e-04 -1.90e-01 -1.90e-01  2.47e-15  6.51e+01 
 22900| 3.27e-05  5.02e-05  4.08e-04 -1.90e-01 -1.90e-01  0.00e+00  6.53e+01 
 23000| 3.25e-05  5.01e-05  3.87e-04 -1.90e-01 -1.90e-01  0.00e+00  6.55e+01 
 23100| 3.24e-05  5.00e-05  3.68e-04 -1.90e-01 -1.90e-01  0.00e+00  6.57e+01 
 23200| 3.22e-05  4.98e-05  3.49e-04 -1.90e-01 -1.90e-01  1.24e-15  6.59e+01 
 23300| 3.21e-05  4.97e-05  3.31e-04 -1.90e-01 -1.90e-01  1.24e-15  6.61e+01 
 23400| 3.20e-05  4.96e-05  3.14e-04 -1.90e-01 -1.90e-01  1.24e-15  6.63e+01 
 23500| 3.18e-05  4.95e-05  2.98e-04 -1.90e-01 -1.90e-01  1.24e-15  6.65e+01 
 23600| 3.17e-05  4.94e-05  2.82e-04 -1.90e-01 -1.90e-01  1.24e-15  6.67e+01 
 23700| 3.16e-05  4.93e-05  2.68e-04 -1.90e-01 -1.89e-01  0.00e+00  6.69e+01 
 23800| 3.14e-05  4.92e-05  2.54e-04 -1.90e-01 -1.89e-01  2.48e-15  6.71e+01 
 23900| 3.13e-05  4.92e-05  2.40e-04 -1.90e-01 -1.89e-01  0.00e+00  6.73e+01 
 24000| 3.12e-05  4.91e-05  2.27e-04 -1.90e-01 -1.89e-01  0.00e+00  6.75e+01 
 24100| 3.10e-05  4.90e-05  2.15e-04 -1.90e-01 -1.89e-01  0.00e+00  6.77e+01 
 24200| 3.09e-05  4.89e-05  2.04e-04 -1.90e-01 -1.89e-01  1.24e-15  6.79e+01 
 24300| 3.08e-05  4.89e-05  1.93e-04 -1.90e-01 -1.89e-01  0.00e+00  6.81e+01 
 24400| 3.07e-05  4.88e-05  1.82e-04 -1.90e-01 -1.89e-01  2.48e-15  6.83e+01 
 24500| 3.06e-05  4.87e-05  1.72e-04 -1.90e-01 -1.89e-01  0.00e+00  6.85e+01 
 24600| 3.04e-05  4.86e-05  1.63e-04 -1.90e-01 -1.89e-01  1.24e-15  6.87e+01 
 24700| 3.03e-05  4.86e-05  1.53e-04 -1.90e-01 -1.89e-01  1.24e-15  6.89e+01 
 24800| 3.02e-05  4.85e-05  1.45e-04 -1.90e-01 -1.89e-01  2.48e-15  6.91e+01 
 24900| 3.01e-05  4.85e-05  1.36e-04 -1.90e-01 -1.89e-01  1.24e-15  6.93e+01 
 25000| 3.00e-05  4.84e-05  1.29e-04 -1.90e-01 -1.89e-01  1.24e-15  6.95e+01 
 25100| 2.99e-05  4.83e-05  1.21e-04 -1.90e-01 -1.89e-01  1.24e-15  6.97e+01 
 25200| 2.97e-05  4.8#SOLVERNAME# SCS
#SOLVER# SCS.SCSSolver(Any[(:verbose, 1), (:eps, 0.0001), (:max_iters, 50000)])
#INSTANCE# _1.499549607119894e9.cbf.gz
#TIMELIMIT# 300.0
#ERROR# MethodError(MathProgBase.SolverInterface.getsolvetime, (SCS.SCSMathProgModel(2417, 824, 2081, 824, 
  [1   ,    1]  =  -6.86375
  [2   ,    1]  =  -0.0166269
  [3   ,    1]  =  -0.0308984
  [4   ,    1]  =  0.0130769
  [5   ,    1]  =  -0.0156657
  [6   ,    1]  =  0.00408863
  [7   ,    1]  =  -0.0213288
  [8   ,    1]  =  0.00245309
  [9   ,    1]  =  0.00758831
  [10  ,    1]  =  -0.0272002
  [11  ,    1]  =  -0.0474897
  [12  ,    1]  =  -0.00766375
  [13  ,    1]  =  0.00305954
  [14  ,    1]  =  -0.00426662
  [15  ,    1]  =  -0.00535307
  [16  ,    1]  =  -0.0211816
  [17  ,    1]  =  0.00139826
  [18  ,    1]  =  -0.0272804
  [19  ,    1]  =  0.0274951
  [20  ,    1]  =  -0.00588538
  [21  ,    1]  =  -0.00275011
  [22  ,    1]  =  0.00101612
  [23  ,    1]  =  -0.0239648
  [24  ,    1]  =  -0.000607328
  [25  ,    1]  =  -0.00988568
  [329 ,    1]  =  1.0
  [330 ,    1]  =  1.0
  [666 ,    1]  =  -1.0
  [1   ,    2]  =  -0.0166269
  [2   ,    2]  =  -0.297506
  [3   ,    2]  =  -0.0281921
  [4   ,    2]  =  -0.00823108
  [5   ,    2]  =  -0.0236685
  [6   ,    2]  =  -0.0175635
  [7   ,    2]  =  -0.00220223
  [8   ,    2]  =  -0.0059562
  [9   ,    2]  =  -0.0379593
  [10  ,    2]  =  -0.017737
  [11  ,    2]  =  -0.0338977
  [12  ,    2]  =  -0.0121824
  [13  ,    2]  =  -0.0153917
  [14  ,    2]  =  -0.0399602
  [15  ,    2]  =  -0.016116
  [16  ,    2]  =  -0.0043699
  [17  ,    2]  =  -0.0274594
  [18  ,    2]  =  -0.00684038
  [19  ,    2]  =  -0.0122676
  [20  ,    2]  =  -0.00870111
  [21  ,    2]  =  -0.00248396
  [22  ,    2]  =  -0.0417634
  [23  ,    2]  =  -0.0172676
  [24  ,    2]  =  -0.0153564
  [25  ,    2]  =  -0.012487
  [329 ,    2]  =  1.0
  [331 ,    2]  =  1.0
  [667 ,    2]  =  -1.0
  [1   ,    3]  =  -0.0308984
  [2   ,    3]  =  -0.0281921
  [3   ,    3]  =  -0.539826
  [4   ,    3]  =  0.00853715
  [5   ,    3]  =  -0.000767739
  [6   ,    3]  =  -0.0183765
  [7   ,    3]  =  -0.00898551
  [8   ,    3]  =  -0.00446949
  [9   ,    3]  =  -0.0054129
  [10  ,    3]  =  -0.00131175
  [11  ,    3]  =  -0.0326037
  [12  ,    3]  =  0.00909235
  [13  ,    3]  =  -0.0175587
  [14  ,    3]  =  -0.0148825
  [15  ,    3]  =  -0.0352071
  [16  ,    3]  =  -0.00843888
  [17  ,    3]  =  -0.0043784
  [18  ,    3]  =  -0.000205938
  [19  ,    3]  =  -0.00920131
  [20  ,    3]  =  -0.0222824
  [21  ,    3]  =  -0.00800022
  [22  ,    3]  =  -0.0539296
  [23  ,    3]  =  -0.0321666
  [24  ,    3]  =  0.0145903
  [25  ,    3]  =  -0.0233981
  [329 ,    3]  =  1.0
  [332 ,    3]  =  1.0
  [668 ,    3]  =  -1.0
  [1   ,    4]  =  0.0130769
  [2   ,    4]  =  -0.00823108
  [3   ,    4]  =  0.00853715
  [4   ,    4]  =  -0.208861
  [5   ,    4]  =  -0.00513706
  [6   ,    4]  =  -0.00196512
  [7   ,    4]  =  -0.0190225
  [8   ,    4]  =  -0.00992556
  [9   ,    4]  =  0.00829829
  [10  ,    4]  =  0.00519222
  [11  ,    4]  =  -0.0265215
  [12  ,    4]  =  -0.0094103
  [13  ,    4]  =  -0.0241777
  [14  ,    4]  =  -0.00254833
  [15  ,    4]  =  -0.00205724
  [16  ,    4]  =  -0.00208006
  [17  ,    4]  =  -0.030277
  [18  ,    4]  =  -0.00950465
  [19  ,    4]  =  0.0204928
  [20  ,    4]  =  -0.0235136
  [21  ,    4]  =  -0.00878958
  [22  ,    4]  =  -0.0140405
  [23  ,    4]  =  0.000928425
  [24  ,    4]  =  -0.0142162
  [25  ,    4]  =  -0.0153652
  [329 ,    4]  =  1.0
  [333 ,    4]  =  1.0
  [669 ,    4]  =  -1.0
  [1   ,    5]  =  -0.0156657
  [2   ,    5]  =  -0.0236685
  [3   ,    5]  =  -0.000767739
  [4   ,    5]  =  -0.00513706
  [5   ,    5]  =  -0.199445
  [6   ,    5]  =  -0.00632477
  [7   ,    5]  =  -0.00676242
  [8   ,    5]  =  -0.00793025
  [9   ,    5]  =  0.00807442
  [10  ,    5]  =  -0.00897435
  [11  ,    5]  =  -0.0254414
  [12  ,    5]  =  -0.00691053
  [13  ,    5]  =  -0.0100543
  [14  ,    5]  =  -0.00269123
  [15  ,    5]  =  -0.0208177
  [16  ,    5]  =  -0.0174359
  [17  ,    5]  =  -0.00394735
  [18  ,    5]  =  -0.010569
  [19  ,    5]  =  -0.00356396
  [20  ,    5]  =  -0.0286766
  [21  ,    5]  =  -0.00543462
  [22  ,    5]  =  -0.0270639
  [23  ,    5]  =  -0.01749
  [24  ,    5]  =  0.00318188
  [25  ,    5]  =  -0.0238493
  [329 ,    5]  =  1.0
  [334 ,    5]  =  1.0
  [670 ,    5]  =  -1.0
  [1   ,    6]  =  0.00408863
  [2   ,    6]  =  -0.0175635
  [3   ,    6]  =  -0.0183765
  [4   ,    6]  =  -0.00196512
  [5   ,    6]  =  -0.00632477
  [6   ,    6]  =  -0.242354
  [7   ,    6]  =  -0.00691588
  [8   ,    6]  =  -0.0175644
  [9   ,    6]  =  -0.00898437
  [10  ,    6]  =  0.000146231
  [11  ,    6]  =  -0.0302047
  [12  ,    6]  =  -0.00159903
  [13  ,    6]  =  -0.012967
  [14  ,    6]  =  -0.0130345
  [15  ,    6]  =  -0.0216259
  [16  ,    6]  =  0.0046622
  [17  ,    6]  =  -0.0196886
  [18  ,    6]  =  -0.0148681
  [19  ,    6]  =  -0.00727981
  [20  ,    6]  =  -0.0169858
  [21  ,    6]  =  -0.0167001
  [22  ,    6]  =  -0.0201526
  [23  ,    6]  =  -0.0110225
  [24  ,    6]  =  0.0141592
  [25  ,    6]  =  -0.0145926
  [329 ,    6]  =  1.0
  [335 ,    6]  =  1.0
  [671 ,    6]  =  -1.0
  [1   ,    7]  =  -0.0213288
  [2   ,    7]  =  -0.00220223
  [3   ,    7]  =  -0.00898551
  [4   ,    7]  =  -0.0190225
  [5   ,    7]  =  -0.00676242
  [6   ,    7]  =  -0.00691588
  [7   ,    7]  =  -0.306877
  [8   ,    7]  =  -0.0197456
  [9   ,    7]  =  0.0014827
  [10  ,    7]  =  -0.0309877
  [11  ,    7]  =  -0.0140398
  [12  ,    7]  =  -0.0136099
  [13  ,    7]  =  -0.00133872
  [14  ,    7]  =  -0.00171321
  [15  ,    7]  =  -0.00473768
  [16  ,    7]  =  0.00104703
  [17  ,    7]  =  0.0122084
  [18  ,    7]  =  0.000380193
  [19  ,    7]  =  0.0170274
  [20  ,    7]  =  -0.0200228
  [21  ,    7]  =  -0.00024252
  [22  ,    7]  =  -0.0062716
  [23  ,    7]  =  0.00227665
  [24  ,    7]  =  -0.00920963
  [25  ,    7]  =  -0.00900564
  [329 ,    7]  =  1.0
  [336 ,    7]  =  1.0
  [672 ,    7]  =  -1.0
  [1   ,    8]  =  0.00245309
  [2   ,    8]  =  -0.0059562
  [3   ,    8]  =  -0.00446949
  [4   ,    8]  =  -0.00992556
  [5   ,    8]  =  -0.00793025
  [6   ,    8]  =  -0.0175644
  [7   ,    8]  =  -0.0197456
  [8   ,    8]  =  -0.172052
  [9   ,    8]  =  -0.00334488
  [10  ,    8]  =  -0.0109796
  [11  ,    8]  =  -0.0192533
  [12  ,    8]  =  -0.00426784
  [13  ,    8]  =  -0.0179573
  [14  ,    8]  =  -0.0126133
  [15  ,    8]  =  -0.010559
  [16  ,    8]  =  -0.0137075
  [17  ,    8]  =  -0.0100337
  [18  ,    8]  =  -0.0168947
  [19  ,    8]  =  0.00903701
  [20  ,    8]  =  -0.0217261
  [21  ,    8]  =  -0.0154279
  [22  ,    8]  =  -0.00718239
  [23  ,    8]  =  -0.00883165
  [24  ,    8]  =  -0.000788295
  [25  ,    8]  =  -0.0143693
  [329 ,    8]  =  1.0
  [337 ,    8]  =  1.0
  [673 ,    8]  =  -1.0
  [1   ,    9]  =  0.00758831
  [2   ,    9]  =  -0.0379593
  [3   ,    9]  =  -0.0054129
  [4   ,    9]  =  0.00829829
  [5   ,    9]  =  0.00807442
  [6   ,    9]  =  -0.00898437
  [7   ,    9]  =  0.0014827
  [8   ,    9]  =  -0.00334488
  [9   ,    9]  =  -0.2481
  [10  ,    9]  =  -0.0187693
  [11  ,    9]  =  -0.0092549
  [12  ,    9]  =  -0.00238483
  [13  ,    9]  =  -0.007767
  [14  ,    9]  =  -0.0131791
  [15  ,    9]  =  0.000547718
  [16  ,    9]  =  0.012255
  [17  ,    9]  =  0.00286797
  [18  ,    9]  =  -0.00920461
  [19  ,    9]  =  -0.00415314
  [20  ,    9]  =  -0.00971954
  [21  ,    9]  =  -0.0086895
  [22  ,    9]  =  -0.022917
  [23  ,    9]  =  -0.000341002
  [24  ,    9]  =  0.000380431
  [25  ,    9]  =  -0.0152182
  [329 ,    9]  =  1.0
  [338 ,    9]  =  1.0
  [674 ,    9]  =  -1.0
  [1   ,   10]  =  -0.0272002
  [2   ,   10]  =  -0.017737
  [3   ,   10]  =  -0.00131175
  [4   ,   10]  =  0.00519222
  [5   ,   10]  =  -0.00897435
  [6   ,   10]  =  0.000146231
  [7   ,   10]  =  -0.0309877
  [8   ,   10]  =  -0.0109796
  [9   ,   10]  =  -0.0187693
  [10  ,   10]  =  -0.389386
  [11  ,   10]  =  -0.00897263
  [12  ,   10]  =  -0.00772126
  [13  ,   10]  =  0.00247282
  [14  ,   10]  =  -0.0141066
  [15  ,   10]  =  0.00153727
  [16  ,   10]  =  -0.00197429
  [17  ,   10]  =  -0.00353226
  [18  ,   10]  =  -0.00342706
  [19  ,   10]  =  0.0108076
  [20  ,   10]  =  -0.01588
  [21  ,   10]  =  -0.00581622
  [22  ,   10]  =  -0.00525892
  [23  ,   10]  =  -0.0104582
  [24  ,   10]  =  0.00245821
  [25  ,   10]  =  -0.01043
  [329 ,   10]  =  1.0
  [339 ,   10]  =  1.0
  [675 ,   10]  =  -1.0
  [1   ,   11]  =  -0.0474897
  [2   ,   11]  =  -0.0338977
  [3   ,   11]  =  -0.0326037
  [4   ,   11]  =  -0.0265215
  [5   ,   11]  =  -0.0254414
  [6   ,   11]  =  -0.0302047
  [7   ,   11]  =  -0.0140398
  [8   ,   11]  =  -0.0192533
  [9   ,   11]  =  -0.0092549
  [10  ,   11]  =  -0.00897263
  [11  ,   11]  =  -0.443323
  [12  ,   11]  =  -0.0042805
  [13  ,   11]  =  -0.0149748
  [14  ,   11]  =  -0.0269665
  [15  ,   11]  =  -0.00664141
  [16  ,   11]  =  -0.00590558
  [17  ,   11]  =  -0.00277646
  [18  ,   11]  =  -0.00154692
  [19  ,   11]  =  -0.0231752
  [20  ,   11]  =  -0.0414606
  [21  ,   11]  =  -0.0288409
  [22  ,   11]  =  -0.0472754
  [23  ,   11]  =  -0.00679774
  [24  ,   11]  =  -0.0174795
  [25  ,   11]  =  -0.0220376
  [329 ,   11]  =  1.0
  [340 ,   11]  =  1.0
  [676 ,   11]  =  -1.0
  [1   ,   12]  =  -0.00766375
  [2   ,   12]  =  -0.0121824
  [3   ,   12]  =  0.00909235
  [4   ,   12]  =  -0.0094103
  [5   ,   12]  =  -0.00691053
  [6   ,   12]  =  -0.00159903
  [7   ,   12]  =  -0.0136099
  [8   ,   12]  =  -0.00426784
  [9   ,   12]  =  -0.00238483
  [10  ,   12]  =  -0.00772126
  [11  ,   12]  =  -0.0042805
  [12  ,   12]  =  -0.188873
  [13  ,   12]  =  -0.00585514
  [14  ,   12]  =  0.00337019
  [15  ,   12]  =  0.000842941
  [16  ,   12]  =  -0.0139285
  [17  ,   12]  =  -0.0123683
  [18  ,   12]  =  -0.0146026
  [19  ,   12]  =  0.000677547
  [20  ,   12]  =  -0.00425976
  [21  ,   12]  =  -0.00436008
  [22  ,   12]  =  -0.0161466
  [23  ,   12]  =  -0.0101257
  [24  ,   12]  =  0.000656644
  [25  ,   12]  =  -0.00823503
  [329 ,   12]  =  1.0
  [341 ,   12]  =  1.0
  [677 ,   12]  =  -1.0
  [1   ,   13]  =  0.00305954
  [2   ,   13]  =  -0.0153917
  [3   ,   13]  =  -0.0175587
  [4   ,   13]  =  -0.0241777
  [5   ,   13]  =  -0.0100543
  [6   ,   13]  =  -0.012967
  [7   ,   13]  =  -0.00133872
  [8   ,   13]  =  -0.0179573
  [9   ,   13]  =  -0.007767
  [10  ,   13]  =  0.00247282
  [11  ,   13]  =  -0.0149748
  [12  ,   13]  =  -0.00585514
  [13  ,   13]  =  -0.174417
  [14  ,   13]  =  -0.0205044
  [15  ,   13]  =  -0.00114452
  [16  ,   13]  =  -0.00960914
  [17  ,   13]  =  -0.00350064
  [18  ,   13]  =  -0.00142957
  [19  ,   13]  =  0.00304305
  [20  ,   13]  =  -0.0167674
  [21  ,   13]  =  -0.016578
  [22  ,   13]  =  -0.0315209
  [23  ,   13]  =  0.00248404
  [24  ,   13]  =  -0.00449366
  [25  ,   13]  =  -0.0103098
  [329 ,   13]  =  1.0
  [342 ,   13]  =  1.0
  [678 ,   13]  =  -1.0
  [1   ,   14]  =  -0.00426662
  [2   ,   14]  =  -0.0399602
  [3   ,   14]  =  -0.0148825
  [4   ,   14]  =  -0.00254833
  [5   ,   14]  =  -0.00269123
  [6   ,   14]  =  -0.0130345
  [7   ,   14]  =  -0.00171321
  [8   ,   14]  =  -0.0126133
  [9   ,   14]  =  -0.0131791
  [10  ,   14]  =  -0.0141066
  [11  ,   14]  =  -0.0269665
  [12  ,   14]  =  0.00337019
  [13  ,   14]  =  -0.0205044
  [14  ,   14]  =  -1.44641
  [15  ,   14]  =  -0.0145633
  [16  ,   14]  =  -0.00427755
  [17  ,   14]  =  0.00850026
  [18  ,   14]  =  -0.00985034
  [19  ,   14]  =  -0.00370551
  [20  ,   14]  =  -0.0184072
  [21  ,   14]  =  -0.0179846
  [22  ,   14]  =  -0.0279204
  [23  ,   14]  =  -0.0165129
  [24  ,   14]  =  -0.00443619
  [25  ,   14]  =  -0.0218417
  [329 ,   14]  =  1.0
  [343 ,   14]  =  1.0
  [679 ,   14]  =  -1.0
  [1   ,   15]  =  -0.00535307
  [2   ,   15]  =  -0.016116
  [3   ,   15]  =  -0.0352071
  [4   ,   15]  =  -0.00205724
  [5   ,   15]  =  -0.0208177
  [6   ,   15]  =  -0.0216259
  [7   ,   15]  =  -0.00473768
  [8   ,   15]  =  -0.010559
  [9   ,   15]  =  0.000547718
  [10  ,   15]  =  0.00153727
  [11  ,   15]  =  -0.00664141
  [12  ,   15]  =  0.000842941
  [13  ,   15]  =  -0.00114452
  [14  ,   15]  =  -0.0145633
  [15  ,   15]  =  -0.197026
  [16  ,   15]  =  -0.000474301
  [17  ,   15]  =  0.0132225
  [18  ,   15]  =  -0.00253219
  [19  ,   15]  =  -0.00142535
  [20  ,   15]  =  -0.0141294
  [21  ,   15]  =  -0.0113082
  [22  ,   15]  =  -0.00605322
  [23  ,   15]  =  -0.0115644
  [24  ,   15]  =  0.00351228
  [25  ,   15]  =  -0.00764236
  [329 ,   15]  =  1.0
  [344 ,   15]  =  1.0
  [680 ,   15]  =  -1.0
  [1   ,   16]  =  -0.0211816
  [2   ,   16]  =  -0.0043699
  [3   ,   16]  =  -0.00843888
  [4   ,   16]  =  -0.00208006
  [5   ,   16]  =  -0.0174359
  [6   ,   16]  =  0.0046622
  [7   ,   16]  =  0.00104703
  [8   ,   16]  =  -0.0137075
  [9   ,   16]  =  0.012255
  [10  ,   16]  =  -0.00197429
  [11  ,   16]  =  -0.00590558
  [12  ,   16]  =  -0.0139285
  [13  ,   16]  =  -0.00960914
  [14  ,   16]  =  -0.00427755
  [15  ,   16]  =  -0.000474301
  [16  ,   16]  =  -0.349947
  [17  ,   16]  =  -0.0251039
  [18  ,   16]  =  -0.0151443
  [19  ,   16]  =  0.0318321
  [20  ,   16]  =  -0.0131444
  [21  ,   16]  =  -0.00176489
  [22  ,   16]  =  -0.0342217
  [23  ,   16]  =  -0.010715
  [24  ,   16]  =  -0.00567852
  [25  ,   16]  =  -0.0143315
  [329 ,   16]  =  1.0
  [345 ,   16]  =  1.0
  [681 ,   16]  =  -1.0
  [1   ,   17]  =  0.00139826
  [2   ,   17]  =  -0.0274594
  [3   ,   17]  =  -0.0043784
  [4   ,   17]  =  -0.030277
  [5   ,   17]  =  -0.00394735
  [6   ,   17]  =  -0.0196886
  [7   ,   17]  =  0.0122084
  [8   ,   17]  =  -0.0100337
  [9   ,   17]  =  0.00286797
  [10  ,   17]  =  -0.00353226
  [11  ,   17]  =  -0.00277646
  [12  ,   17]  =  -0.0123683
  [13  ,   17]  =  -0.00350064
  [14  ,   17]  =  0.00850026
  [15  ,   17]  =  0.0132225
  [16  ,   17]  =  -0.0251039
  [17  ,   17]  =  -0.453142
  [18  ,   17]  =  -0.0108758
  [19  ,   17]  =  0.0068707
  [20  ,   17]  =  -0.0175524
  [21  ,   17]  =  0.00377397
  [22  ,   17]  =  0.00809805
  [23  ,   17]  =  -0.0280308
  [24  ,   17]  =  0.000939325
  [25  ,   17]  =  -0.00644929
  [329 ,   17]  =  1.0
  [346 ,   17]  =  1.0
  [682 ,   17]  =  -1.0
  [1   ,   18]  =  -0.0272804
  [2   ,   18]  =  -0.00684038
  [3   ,   18]  =  -0.000205938
  [4   ,   18]  =  -0.00950465
  [5   ,   18]  =  -0.010569
  [6   ,   18]  =  -0.0148681
  [7   ,   18]  =  0.000380193
  [8   ,   18]  =  -0.0168947
  [9   ,   18]  =  -0.00920461
  [10  ,   18]  =  -0.00342706
  [11  ,   18]  =  -0.00154692
  [12  ,   18]  =  -0.0146026
  [13  ,   18]  =  -0.00142957
  [14  ,   18]  =  -0.00985034
  [15  ,   18]  =  -0.00253219
  [16  ,   18]  =  -0.0151443
  [17  ,   18]  =  -0.0108758
  [18  ,   18]  =  -0.2587
  [19  ,   18]  =  0.00199143
  [20  ,   18]  =  -0.0106414
  [21  ,   18]  =  -0.0159584
  [22  ,   18]  =  0.000935216
  [23  ,   18]  =  -0.00108699
  [24  ,   18]  =  -0.0113117
  [25  ,   18]  =  -0.0105726
  [329 ,   18]  =  1.0
  [347 ,   18]  =  1.0
  [683 ,   18]  =  -1.0
  [1   ,   19]  =  0.0274951
  [2   ,   19]  =  -0.0122676
  [3   ,   19]  =  -0.00920131
  [4   ,   19]  =  0.0204928
  [5   ,   19]  =  -0.00356396
  [6   ,   19]  =  -0.00727981
  [7   ,   19]  =  0.0170274
  [8   ,   19]  =  0.00903701
  [9   ,   19]  =  -0.00415314
  [10  ,   19]  =  0.0108076
  [11  ,   19]  =  -0.0231752
  [12  ,   19]  =  0.000677547
  [13  ,   19]  =  0.00304305
  [14  ,   19]  =  -0.00370551
  [15  ,   19]  =  -0.00142535
  [16  ,   19]  =  0.0318321
  [17  ,   19]  =  0.0068707
  [18  ,   19]  =  0.00199143
  [19  ,   19]  =  -0.836643
  [20  ,   19]  =  -0.0212761
  [21  ,   19]  =  -0.0238174
  [22  ,   19]  =  -0.0186814
  [23  ,   19]  =  -0.0182603
  [24  ,   19]  =  -0.00554989
  [25  ,   19]  =  0.0125914
  [329 ,   19]  =  1.0
  [348 ,   19]  =  1.0
  [684 ,   19]  =  -1.0
  [1   ,   20]  =  -0.00588538
  [2   ,   20]  =  -0.00870111
  [3   ,   20]  =  -0.0222824
  [4   ,   20]  =  -0.0235136
  [5   ,   20]  =  -0.0286766
  [6   ,   20]  =  -0.0169858
  [7   ,   20]  =  -0.0200228
  [8   ,   20]  =  -0.0217261
  [9   ,   20]  =  -0.00971954
  [10  ,   20]  =  -0.01588
  [11  ,   20]  =  -0.0414606
  [12  ,   20]  =  -0.00425976
  [13  ,   20]  =  -0.0167674
  [14  ,   20]  =  -0.0184072
  [15  ,   20]  =  -0.0141294
  [16  ,   20]  =  -0.0131444
  [17  ,   20]  =  -0.0175524
  [18  ,   20]  =  -0.0106414
  [19  ,   20]  =  -0.0212761
  [20  ,   20]  =  -0.219673
  [21  ,   20]  =  -0.0155736
  [22  ,   20]  =  -0.0207555
  [23  ,   20]  =  -0.0201861
  [24  ,   20]  =  -0.0108616
  [25  ,   20]  =  -0.0232478
  [329 ,   20]  =  1.0
  [349 ,   20]  =  1.0
  [685 ,   20]  =  -1.0
  [1   ,   21]  =  -0.00275011
  [2   ,   21]  =  -0.00248396
  [3   ,   21]  =  -0.00800022
  [4   ,   21]  =  -0.00878958
  [5   ,   21]  =  -0.00543462
  [6   ,   21]  =  -0.0167001
  [7   ,   21]  =  -0.00024252
  [8   ,   21]  =  -0.0154279
  [9   ,   21]  =  -0.0086895
  [10  ,   21]  =  -0.00581622
  [11  ,   21]  =  -0.0288409
  [12  ,   21]  =  -0.00436008
  [13  ,   21]  =  -0.016578
  [14  ,   21]  =  -0.0179846
  [15  ,   21]  =  -0.0113082
  [16  ,   21]  =  -0.00176489
  [17  ,   21]  =  0.00377397
  [18  ,   21]  =  -0.0159584
  [19  ,   21]  =  -0.0238174
  [20  ,   21]  =  -0.0155736
  [21  ,   21]  =  -0.217468
  [22  ,   21]  =  -0.0175143
  [23  ,   21]  =  -0.0615249
  [24  ,   21]  =  -0.0111333
  [25  ,   21]  =  -0.0175757
  [329 ,   21]  =  1.0
  [350 ,   21]  =  1.0
  [686 ,   21]  =  -1.0
  [1   ,   22]  =  0.00101612
  [2   ,   22]  =  -0.0417634
  [3   ,   22]  =  -0.0539296
  [4   ,   22]  =  -0.0140405
  [5   ,   22]  =  -0.0270639
  [6   ,   22]  =  -0.0201526
  [7   ,   22]  =  -0.0062716
  [8   ,   22]  =  -0.00718239
  [9   ,   22]  =  -0.022917
  [10  ,   22]  =  -0.00525892
  [11  ,   22]  =  -0.0472754
  [12  ,   22]  =  -0.0161466
  [13  ,   22]  =  -0.0315209
  [14  ,   22]  =  -0.0279204
  [15  ,   22]  =  -0.00605322
  [16  ,   22]  =  -0.0342217
  [17  ,   22]  =  0.00809805
  [18  ,   22]  =  0.000935216
  [19  ,   22]  =  -0.0186814
  [20  ,   22]  =  -0.0207555
  [21  ,   22]  =  -0.0175143
  [22  ,   22]  =  -0.436531
  [23  ,   22]  =  -0.00812509
  [24  ,   22]  =  -0.00789561
  [25  ,   22]  =  -0.0294272
  [329 ,   22]  =  1.0
  [351 ,   22]  =  1.0
  [687 ,   22]  =  -1.0
  [1   ,   23]  =  -0.0239648
  [2   ,   23]  =  -0.0172676
  [3   ,   23]  =  -0.0321666
  [4   ,   23]  =  0.000928425
  [5   ,   23]  =  -0.01749
  [6   ,   23]  =  -0.0110225
  [7   ,   23]  =  0.00227665
  [8   ,   23]  =  -0.00883165
  [9   ,   23]  =  -0.000341002
  [10  ,   23]  =  -0.0104582
  [11  ,   23]  =  -0.00679774
  [12  ,   23]  =  -0.0101257
  [13  ,   23]  =  0.00248404
  [14  ,   23]  =  -0.0165129
  [15  ,   23]  =  -0.0115644
  [16  ,   23]  =  -0.010715
  [17  ,   23]  =  -0.0280308
  [18  ,   23]  =  -0.00108699
  [19  ,   23]  =  -0.0182603
  [20  ,   23]  =  -0.0201861
  [21  ,   23]  =  -0.0615249
  [22  ,   23]  =  -0.00812509
  [23  ,   23]  =  -0.488941
  [24  ,   23]  =  0.0175027
  [25  ,   23]  =  -0.017757
  [329 ,   23]  =  1.0
  [352 ,   23]  =  1.0
  [688 ,   23]  =  -1.0
  [1   ,   24]  =  -0.000607328
  [2   ,   24]  =  -0.0153564
  [3   ,   24]  =  0.0145903
  [4   ,   24]  =  -0.0142162
  [5   ,   24]  =  0.00318188
  [6   ,   24]  =  0.0141592
  [7   ,   24]  =  -0.00920963
  [8   ,   24]  =  -0.000788295
  [9   ,   24]  =  0.000380431
