----------------------------------------------------------------------------
	SCS v1.2.6 - Splitting Conic Solver
	(c) Brendan O'Donoghue, Stanford University, 2012-2016
----------------------------------------------------------------------------
Lin-sys: sparse-direct, nnz in A = 1500
eps = 1.00e-04, alpha = 1.80, max_iters = 50000, normalize = 1, scale = 5.00
Variables n = 360, constraints m = 805
Cones:	primal zero / dual free vars: 120
	linear vars: 253
	soc vars: 72, soc blks: 12
	exp vars: 360, dual exp vars: 0
Setup time: 4.08e-04s
----------------------------------------------------------------------------
 Iter | pri res | dua res | rel gap | pri obj | dua obj | kap/tau | time (s)
----------------------------------------------------------------------------
     0|      inf       inf      -nan      -inf      -inf       inf  1.47e-03 
   100| 1.79e-03  2.53e-03  1.59e-02 -1.84e-01 -1.63e-01  0.00e+00  3.90e-01 
   200| 1.11e-03  3.51e-04  1.08e-02 -1.73e-01 -1.59e-01  0.00e+00  7.09e-01 
   300| 8.41e-04  1.71e-04  9.89e-03 -1.70e-01 -1.57e-01  0.00e+00  1.01e+00 
   400| 7.27e-04  1.15e-04  8.78e-03 -1.67e-01 -1.55e-01  0.00e+00  1.32e+00 
   500| 6.27e-04  8.38e-05  8.05e-03 -1.65e-01 -1.54e-01  0.00e+00  1.63e+00 
   600| 5.62e-04  6.80e-05  7.46e-03 -1.64e-01 -1.54e-01  9.42e-16  1.94e+00 
   700| 5.12e-04  5.49e-05  6.99e-03 -1.62e-01 -1.53e-01  4.77e-16  2.27e+00 
   800| 4.74e-04  4.52e-05  6.62e-03 -1.61e-01 -1.53e-01  4.82e-16  2.60e+00 
   900| 4.52e-04  3.86e-05  6.29e-03 -1.61e-01 -1.52e-01  0.00e+00  2.93e+00 
  1000| 4.35e-04  3.45e-05  6.03e-03 -1.60e-01 -1.52e-01  4.93e-16  3.27e+00 
  1100| 4.22e-04  3.13e-05  5.81e-03 -1.59e-01 -1.52e-01  0.00e+00  3.61e+00 
  1200| 4.12e-04  2.90e-05  5.64e-03 -1.59e-01 -1.51e-01  5.03e-16  3.95e+00 
  1300| 4.04e-04  2.72e-05  5.49e-03 -1.58e-01 -1.51e-01  5.08e-16  4.29e+00 
  1400| 3.97e-04  2.57e-05  5.38e-03 -1.58e-01 -1.51e-01  0.00e+00  4.64e+00 
  1500| 3.92e-04  2.46e-05  5.28e-03 -1.57e-01 -1.51e-01  0.00e+00  4.99e+00 
  1600| 3.87e-04  2.37e-05  5.20e-03 -1.57e-01 -1.50e-01  5.22e-16  5.46e+00 
  1700| 3.83e-04  2.30e-05  5.14e-03 -1.57e-01 -1.50e-01  0.00e+00  5.84e+00 
  1800| 3.80e-04  2.24e-05  5.08e-03 -1.57e-01 -1.50e-01  0.00e+00  6.19e+00 
  1900| 3.78e-04  2.19e-05  5.05e-03 -1.56e-01 -1.50e-01  5.36e-16  6.54e+00 
  2000| 3.75e-04  2.15e-05  5.01e-03 -1.56e-01 -1.50e-01  0.00e+00  6.87e+00 
  2100| 3.74e-04  2.12e-05  4.99e-03 -1.56e-01 -1.49e-01  0.00e+00  7.19e+00 
  2200| 3.72e-04  2.10e-05  4.98e-03 -1.56e-01 -1.49e-01  5.50e-16  7.50e+00 
  2300| 3.71e-04  2.08e-05  4.97e-03 -1.56e-01 -1.49e-01  0.00e+00  7.81e+00 
  2400| 3.69e-04  2.06e-05  4.97e-03 -1.55e-01 -1.49e-01  0.00e+00  8.10e+00 
  2500| 3.68e-04  2.05e-05  4.97e-03 -1.55e-01 -1.49e-01  0.00e+00  8.39e+00 
  2600| 3.68e-04  2.04e-05  4.97e-03 -1.55e-01 -1.49e-01  0.00e+00  8.66e+00 
  2700| 3.67e-04  2.04e-05  4.98e-03 -1.55e-01 -1.48e-01  0.00e+00  8.92e+00 
  2800| 3.67e-04  2.03e-05  5.00e-03 -1.55e-01 -1.48e-01  5.80e-16  9.18e+00 
  2900| 3.66e-04  2.03e-05  5.01e-03 -1.55e-01 -1.48e-01  0.00e+00  9.43e+00 
  3000| 3.66e-04  2.03e-05  5.03e-03 -1.54e-01 -1.48e-01  0.00e+00  9.68e+00 
  3100| 3.66e-04  2.04e-05  5.05e-03 -1.54e-01 -1.48e-01  0.00e+00  9.93e+00 
  3200| 3.66e-04  2.04e-05  5.08e-03 -1.54e-01 -1.48e-01  0.00e+00  1.02e+01 
  3300| 3.66e-04  2.04e-05  5.10e-03 -1.54e-01 -1.47e-01  0.00e+00  1.04e+01 
  3400| 3.67e-04  2.05e-05  5.13e-03 -1.54e-01 -1.47e-01  0.00e+00  1.07e+01 
  3500| 3.67e-04  2.06e-05  5.17e-03 -1.54e-01 -1.47e-01  0.00e+00  1.09e+01 
  3600| 3.67e-04  2.07e-05  5.20e-03 -1.54e-01 -1.47e-01  0.00e+00  1.11e+01 
  3700| 3.68e-04  2.08e-05  5.23e-03 -1.54e-01 -1.47e-01  0.00e+00  1.14e+01 
  3800| 3.69e-04  2.09e-05  5.27e-03 -1.53e-01 -1.47e-01  0.00e+00  1.16e+01 
  3900| 3.69e-04  2.10e-05  5.31e-03 -1.53e-01 -1.46e-01  0.00e+00  1.19e+01 
  4000| 3.70e-04  2.11e-05  5.35e-03 -1.53e-01 -1.46e-01  0.00e+00  1.21e+01 
  4100| 3.71e-04  2.12e-05  5.39e-03 -1.53e-01 -1.46e-01  0.00e+00  1.24e+01 
  4200| 3.72e-04  2.14e-05  5.43e-03 -1.53e-01 -1.46e-01  0.00e+00  1.26e+01 
  4300| 3.73e-04  2.15e-05  5.48e-03 -1.53e-01 -1.46e-01  0.00e+00  1.29e+01 
  4400| 3.74e-04  2.17e-05  5.53e-03 -1.53e-01 -1.46e-01  0.00e+00  1.32e+01 
  4500| 3.76e-04  2.18e-05  5.57e-03 -1.53e-01 -1.45e-01  0.00e+00  1.35e+01 
  4600| 3.77e-04  2.20e-05  5.62e-03 -1.53e-01 -1.45e-01  0.00e+00  1.37e+01 
  4700| 3.78e-04  2.22e-05  5.68e-03 -1.53e-01 -1.45e-01  0.00e+00  1.40e+01 
  4800| 3.80e-04  2.24e-05  5.73e-03 -1.52e-01 -1.45e-01  0.00e+00  1.42e+01 
  4900| 3.82e-04  2.26e-05  5.78e-03 -1.52e-01 -1.45e-01  0.00e+00  1.45e+01 
  5000| 3.83e-04  2.28e-05  5.84e-03 -1.52e-01 -1.45e-01  0.00e+00  1.47e+01 
  5100| 3.85e-04  2.30e-05  5.90e-03 -1.52e-01 -1.44e-01  0.00e+00  1.50e+01 
  5200| 3.87e-04  2.32e-05  5.96e-03 -1.52e-01 -1.44e-01  0.00e+00  1.52e+01 
  5300| 3.89e-04  2.34e-05  6.02e-03 -1.52e-01 -1.44e-01  0.00e+00  1.55e+01 
  5400| 3.91e-04  2.36e-05  6.08e-03 -1.52e-01 -1.44e-01  0.00e+00  1.59e+01 
  5500| 3.93e-04  2.38e-05  6.14e-03 -1.52e-01 -1.44e-01  0.00e+00  1.61e+01 
  5600| 3.95e-04  2.41e-05  6.21e-03 -1.52e-01 -1.44e-01  0.00e+00  1.64e+01 
  5700| 3.97e-04  2.43e-05  6.28e-03 -1.52e-01 -1.43e-01  0.00e+00  1.66e+01 
  5800| 3.99e-04  2.46e-05  6.35e-03 -1.52e-01 -1.43e-01  0.00e+00  1.69e+01 
  5900| 4.02e-04  2.48e-05  6.42e-03 -1.51e-01 -1.43e-01  0.00e+00  1.71e+01 
  6000| 4.04e-04  2.51e-05  6.49e-03 -1.51e-01 -1.43e-01  0.00e+00  1.74e+01 
  6100| 4.07e-04  2.53e-05  6.56e-03 -1.51e-01 -1.43e-01  0.00e+00  1.76e+01 
  6200| 4.09e-04  2.56e-05  6.64e-03 -1.51e-01 -1.43e-01  0.00e+00  1.79e+01 
  6300| 4.12e-04  2.59e-05  6.72e-03 -1.51e-01 -1.42e-01  0.00e+00  1.81e+01 
  6400| 4.15e-04  2.62e-05  6.80e-03 -1.51e-01 -1.42e-01  0.00e+00  1.83e+01 
  6500| 4.18e-04  2.65e-05  6.88e-03 -1.51e-01 -1.42e-01  0.00e+00  1.86e+01 
  6600| 4.21e-04  2.68e-05  6.97e-03 -1.51e-01 -1.42e-01  0.00e+00  1.88e+01 
  6700| 4.24e-04  2.71e-05  7.06e-03 -1.51e-01 -1.42e-01  0.00e+00  1.90e+01 
  6800| 4.27e-04  2.75e-05  7.14e-03 -1.51e-01 -1.41e-01  0.00e+00  1.92e+01 
  6900| 4.30e-04  2.78e-05  7.24e-03 -1.51e-01 -1.41e-01  0.00e+00  1.94e+01 
  7000| 4.34e-04  2.81e-05  7.33e-03 -1.50e-01 -1.41e-01  0.00e+00  1.96e+01 
  7100| 4.37e-04  2.85e-05  7.43e-03 -1.50e-01 -1.41e-01  0.00e+00  1.99e+01 
  7200| 4.41e-04  2.89e-05  7.53e-03 -1.50e-01 -1.41e-01  0.00e+00  2.01e+01 
  7300| 4.45e-04  2.92e-05  7.63e-03 -1.50e-01 -1.40e-01  0.00e+00  2.02e+01 
  7400| 4.49e-04  2.96e-05  7.74e-03 -1.50e-01 -1.40e-01  4.67e-16  2.04e+01 
  7500| 4.53e-04  3.00e-05  7.84e-03 -1.50e-01 -1.40e-01  4.73e-16  2.06e+01 
  7600| 4.57e-04  3.04e-05  7.96e-03 -1.50e-01 -1.40e-01  4.80e-16  2.08e+01 
  7700| 4.61e-04  3.08e-05  8.07e-03 -1.50e-01 -1.39e-01  4.86e-16  2.10e+01 
  7800| 4.65e-04  3.13e-05  8.19e-03 -1.50e-01 -1.39e-01  4.93e-16  2.12e+01 
  7900| 4.70e-04  3.17e-05  8.31e-03 -1.50e-01 -1.39e-01  0.00e+00  2.13e+01 
  8000| 4.75e-04  3.22e-05  8.43e-03 -1.50e-01 -1.39e-01  5.07e-16  2.15e+01 
  8100| 4.79e-04  3.27e-05  8.56e-03 -1.49e-01 -1.38e-01  5.15e-16  2.17e+01 
  8200| 4.84e-04  3.32e-05  8.70e-03 -1.49e-01 -1.38e-01  5.22e-16  2.19e+01 
  8300| 4.90e-04  3.37e-05  8.83e-03 -1.49e-01 -1.38e-01  5.30e-16  2.20e+01 
  8400| 4.95e-04  3.42e-05  8.97e-03 -1.49e-01 -1.38e-01  1.08e-15  2.22e+01 
  8500| 5.00e-04  3.47e-05  9.12e-03 -1.49e-01 -1.37e-01  0.00e+00  2.24e+01 
  8600| 5.06e-04  3.53e-05  9.27e-03 -1.49e-01 -1.37e-01  5.55e-16  2.26e+01 
  8700| 5.12e-04  3.58e-05  9.43e-03 -1.49e-01 -1.37e-01  5.64e-16  2.27e+01 
  8800| 5.18e-04  3.64e-05  9.59e-03 -1.49e-01 -1.37e-01  1.15e-15  2.29e+01 
  8900| 5.24e-04  3.70e-05  9.75e-03 -1.49e-01 -1.36e-01  0.00e+00  2.31e+01 
  9000| 1.82e-04  5.85e-05  8.60e-03 -1.47e-01 -1.36e-01  0.00e+00  2.33e+01 
  9100| 1.70e-04  4.16e-05  8.02e-03 -1.46e-01 -1.36e-01  0.00e+00  2.34e+01 
  9200| 1.59e-04  2.94e-05  7.56e-03 -1.45e-01 -1.36e-01  0.00e+00  2.36e+01 
  9300| 1.49e-04  2.69e-05  6.96e-03 -1.44e-01 -1.35e-01  0.00e+00  2.38e+01 
  9400| 1.40e-04  2.83e-05  6.50e-03 -1.44e-01 -1.35e-01  0.00e+00  2.40e+01 
  9500| 1.32e-04  2.35e-05  6.06e-03 -1.43e-01 -1.35e-01  0.00e+00  2.41e+01 
  9600| 1.25e-04  2.24e-05  5.62e-03 -1.42e-01 -1.35e-01  0.00e+00  2.43e+01 
  9700| 1.19e-04  2.09e-05  5.25e-03 -1.42e-01 -1.35e-01  0.00e+00  2.45e+01 
  9800| 1.13e-04  1.90e-05  4.89e-03 -1.41e-01 -1.35e-01  0.00e+00  2.46e+01 
  9900| 1.08e-04  1.81e-05  4.55e-03 -1.41e-01 -1.35e-01  0.00e+00  2.48e+01 
 10000| 1.03e-04  1.66e-05  4.25e-03 -1.40e-01 -1.35e-01  0.00e+00  2.50e+01 
 10100| 9.89e-05  1.54e-05  3.96e-03 -1.40e-01 -1.35e-01  0.00e+00  2.52e+01 
 10200| 9.49e-05  1.45e-05  3.69e-03 -1.39e-01 -1.35e-01  0.00e+00  2.53e+01 
 10300| 9.14e-05  1.34e-05  3.44e-03 -1.39e-01 -1.34e-01  0.00e+00  2.55e+01 
 10400| 8.82e-05  1.25e-05  3.21e-03 -1.39e-01 -1.34e-01  0.00e+00  2.57e+01 
 10500| 8.52e-05  1.16e-05  2.99e-03 -1.38e-01 -1.34e-01  0.00e+00  2.58e+01 
 10600| 8.25e-05  1.08e-05  2.79e-03 -1.38e-01 -1.34e-01  0.00e+00  2.60e+01 
 10700| 8.01e-05  1.01e-05  2.60e-03 -1.38e-01 -1.34e-01  0.00e+00  2.62e+01 
 10800| 7.79e-05  9.40e-06  2.42e-03 -1.37e-01 -1.34e-01  0.00e+00  2.63e+01 
 10900| 7.58e-05  8.77e-06  2.26e-03 -1.37e-01 -1.34e-01  0.00e+00  2.65e+01 
 11000| 7.40e-05  8.17e-06  2.11e-03 -1.37e-01 -1.34e-01  0.00e+00  2.67e+01 
 11100| 7.23e-05  7.61e-06  1.96e-03 -1.37e-01 -1.34e-01  0.00e+00  2.69e+01 
 11200| 7.08e-05  7.10e-06  1.83e-03 -1.37e-01 -1.34e-01  0.00e+00  2.70e+01 
 11300| 6.93e-05  6.61e-06  1.71e-03 -1.36e-01 -1.34e-01  0.00e+00  2.72e+01 
 11400| 6.80e-05  6.16e-06  1.59e-03 -1.36e-01 -1.34e-01  0.00e+00  2.74e+01 
 11500| 6.68e-05  5.74e-06  1.48e-03 -1.36e-01 -1.34e-01  0.00e+00  2.75e+01 
 11600| 6.57e-05  5.35e-06  1.38e-03 -1.36e-01 -1.34e-01  0.00e+00  2.77e+01 
 11700| 6.47e-05  4.99e-06  1.29e-03 -1.36e-01 -1.34e-01  0.00e+00  2.79e+01 
 11800| 6.38e-05  4.65e-06  1.20e-03 -1.36e-01 -1.34e-01  0.00e+00  2.80e+01 
 11900| 6.29e-05  4.33e-06  1.12e-03 -1.35e-01 -1.34e-01  0.00e+00  2.82e+01 
 12000| 6.21e-05  4.04e-06  1.04e-03 -1.35e-01 -1.34e-01  0.00e+00  2.84e+01 
 12100| 6.14e-05  3.76e-06  9.68e-04 -1.35e-01 -1.34e-01  0.00e+00  2.85e+01 
 12200| 6.07e-05  3.50e-06  9.01e-04 -1.35e-01 -1.34e-01  0.00e+00  2.87e+01 
 12300| 6.00e-05  3.26e-06  8.38e-04 -1.35e-01 -1.34e-01  0.00e+00  2.89e+01 
 12400| 5.94e-05  3.04e-06  7.80e-04 -1.35e-01 -1.34e-01  0.00e+00  2.90e+01 
 12500| 5.88e-05  2.83e-06  7.25e-04 -1.35e-01 -1.34e-01  0.00e+00  2.92e+01 
 12600| 5.83e-05  2.64e-06  6.74e-04 -1.35e-01 -1.34e-01  0.00e+00  2.94e+01 
 12700| 5.78e-05  2.45e-06  6.26e-04 -1.35e-01 -1.34e-01  0.00e+00  2.95e+01 
 12800| 5.73e-05  2.29e-06  5.82e-04 -1.35e-01 -1.34e-01  0.00e+00  2.97e+01 
 12900| 5.69e-05  2.13e-06  5.41e-04 -1.35e-01 -1.34e-01  0.00e+00  2.99e+01 
 13000| 5.64e-05  1.98e-06  5.02e-04 -1.35e-01 -1.34e-01  0.00e+00  3.00e+01 
 13100| 5.60e-05  1.85e-06  4.66e-04 -1.35e-01 -1.34e-01  0.00e+00  3.02e+01 
 13200| 5.56e-05  1.72e-06  4.32e-04 -1.34e-01 -1.34e-01  0.00e+00  3.03e+01 
 13300| 5.52e-05  1.60e-06  4.00e-04 -1.34e-01 -1.34e-01  0.00e+00  3.05e+01 
 13400| 5.49e-05  1.49e-06  3.71e-04 -1.34e-01 -1.34e-01  0.00e+00  3.07e+01 
 13500| 5.45e-05  1.39e-06  3.44e-04 -1.34e-01 -1.34e-01  0.00e+00  3.08e+01 
 13600| 5.42e-05  1.29e-06  3.18e-04 -1.34e-01 -1.34e-01  0.00e+00  3.10e+01 
 13700| 5.39e-05  1.21e-06  2.94e-04 -1.34e-01 -1.34e-01  0.00e+00  3.12e+01 
 13800| 5.35e-05  1.13e-06  2.72e-04 -1.34e-01 -1.34e-01  0.00e+00  3.14e+01 
 13900| 5.32e-05  1.05e-06  2.51e-04 -1.34e-01 -1.34e-01  0.00e+00  3.16e+01 
 14000| 5.29e-05  9.81e-07  2.32e-04 -1.34e-01 -1.34e-01  0.00e+00  3.18e+01 
 14100| 5.26e-05  9.16e-07  2.14e-04 -1.34e-01 -1.34e-01  0.00e+00  3.20e+01 
 14200| 5.24e-05  8.57e-07  1.97e-04 -1.34e-01 -1.34e-01  0.00e+00  3.22e+01 
 14300| 5.21e-05  8.02e-07  1.81e-04 -1.34e-01 -1.34e-01  0.00e+00  3.23e+01 
 14400| 5.18e-05  7.54e-07  1.67e-04 -1.34e-01 -1.34e-01  0.00e+00  3.25e+01 
 14500| 5.15e-05  7.07e-07  1.53e-04 -1.34e-01 -1.34e-01  0.00e+00  3.27e+01 
 14600| 5.13e-05  6.64e-07  1.40e-04 -1.34e-01 -1.34e-01  0.00e+00  3.28e+01 
 14700| 5.10e-05  6.28e-07  1.29e-04 -1.34e-01#SOLVERNAME# SCS
#SOLVER# SCS.SCSSolver(Any[(:verbose, 1), (:eps, 0.0001), (:max_iters, 50000)])
#INSTANCE# _1.499548816020449e9.cbf.gz
#TIMELIMIT# 300.0
#ERROR# MethodError(MathProgBase.SolverInterface.getsolvetime, (SCS.SCSMathProgModel(805, 360, 685, 360, 
  [1  ,   1]  =  -0.238649
  [2  ,   1]  =  -0.00249397
  [3  ,   1]  =  -0.00705737
  [4  ,   1]  =  -0.00661527
  [5  ,   1]  =  -0.019127
  [121,   1]  =  1.0
  [122,   1]  =  1.0
  [254,   1]  =  -1.0
  [1  ,   2]  =  -0.00249397
  [2  ,   2]  =  -0.424286
  [3  ,   2]  =  -0.0180298
  [4  ,   2]  =  -0.00937616
  [5  ,   2]  =  -0.0330525
  [121,   2]  =  1.0
  [123,   2]  =  1.0
  [255,   2]  =  -1.0
  [1  ,   3]  =  -0.00705737
  [2  ,   3]  =  -0.0180298
  [3  ,   3]  =  -0.172452
  [4  ,   3]  =  -0.0112777
  [5  ,   3]  =  -0.0196907
  [121,   3]  =  1.0
  [124,   3]  =  1.0
  [256,   3]  =  -1.0
  [1  ,   4]  =  -0.00661527
  [2  ,   4]  =  -0.00937616
  [3  ,   4]  =  -0.0112777
  [4  ,   4]  =  -0.32224
  [5  ,   4]  =  -0.0185636
  [121,   4]  =  1.0
  [125,   4]  =  1.0
  [257,   4]  =  -1.0
  [1  ,   5]  =  -0.019127
  [2  ,   5]  =  -0.0330525
  [3  ,   5]  =  -0.0196907
  [4  ,   5]  =  -0.0185636
  [5  ,   5]  =  -0.333192
  [121,   5]  =  1.0
  [126,   5]  =  1.0
  [258,   5]  =  -1.0
  [6  ,   6]  =  -0.195024
  [7  ,   6]  =  0.00209666
  [8  ,   6]  =  -0.00947123
  [9  ,   6]  =  0.000498389
  [10 ,   6]  =  -0.00230619
  [121,   6]  =  1.0
  [127,   6]  =  1.0
  [259,   6]  =  -1.0
  [6  ,   7]  =  0.00209666
  [7  ,   7]  =  -0.171892
  [8  ,   7]  =  -0.00219708
  [9  ,   7]  =  -0.0127459
  [10 ,   7]  =  -0.00846529
  [121,   7]  =  1.0
  [128,   7]  =  1.0
  [260,   7]  =  -1.0
  [6  ,   8]  =  -0.00947123
  [7  ,   8]  =  -0.00219708
  [8  ,   8]  =  -0.306932
  [9  ,   8]  =  -0.0168446
  [10 ,   8]  =  -0.0123981
  [121,   8]  =  1.0
  [129,   8]  =  1.0
  [261,   8]  =  -1.0
  [6  ,   9]  =  0.000498389
  [7  ,   9]  =  -0.0127459
  [8  ,   9]  =  -0.0168446
  [9  ,   9]  =  -0.244276
  [10 ,   9]  =  -0.0332513
  [121,   9]  =  1.0
  [130,   9]  =  1.0
  [262,   9]  =  -1.0
  [6  ,  10]  =  -0.00230619
  [7  ,  10]  =  -0.00846529
  [8  ,  10]  =  -0.0123981
  [9  ,  10]  =  -0.0332513
  [10 ,  10]  =  -0.345275
  [121,  10]  =  1.0
  [131,  10]  =  1.0
  [263,  10]  =  -1.0
  [11 ,  11]  =  -0.442246
  [12 ,  11]  =  -0.0547827
  [13 ,  11]  =  -0.0260364
  [14 ,  11]  =  -0.040346
  [15 ,  11]  =  -0.0117916
  [121,  11]  =  1.0
  [132,  11]  =  1.0
  [264,  11]  =  -1.0
  [11 ,  12]  =  -0.0547827
  [12 ,  12]  =  -0.429237
  [13 ,  12]  =  0.00955523
  [14 ,  12]  =  -0.0338338
  [15 ,  12]  =  -0.0232424
  [121,  12]  =  1.0
  [133,  12]  =  1.0
  [265,  12]  =  -1.0
  [11 ,  13]  =  -0.0260364
  [12 ,  13]  =  0.00955523
  [13 ,  13]  =  -0.712472
  [14 ,  13]  =  -0.0259352
  [15 ,  13]  =  -0.0152993
  [121,  13]  =  1.0
  [134,  13]  =  1.0
  [266,  13]  =  -1.0
  [11 ,  14]  =  -0.040346
  [12 ,  14]  =  -0.0338338
  [13 ,  14]  =  -0.0259352
  [14 ,  14]  =  -0.510696
  [15 ,  14]  =  -0.0196107
  [121,  14]  =  1.0
  [135,  14]  =  1.0
  [267,  14]  =  -1.0
  [11 ,  15]  =  -0.0117916
  [12 ,  15]  =  -0.0232424
  [13 ,  15]  =  -0.0152993
  [14 ,  15]  =  -0.0196107
  [15 ,  15]  =  -0.188077
  [121,  15]  =  1.0
  [136,  15]  =  1.0
  [268,  15]  =  -1.0
  [16 ,  16]  =  -0.246689
  [17 ,  16]  =  -0.00690657
  [18 ,  16]  =  -0.0253858
  [19 ,  16]  =  -0.0117842
  [20 ,  16]  =  -0.0109165
  [121,  16]  =  1.0
  [137,  16]  =  1.0
  [269,  16]  =  -1.0
  [16 ,  17]  =  -0.00690657
  [17 ,  17]  =  -0.306011
  [18 ,  17]  =  -0.0167153
  [19 ,  17]  =  -0.0385952
  [20 ,  17]  =  -0.00533794
  [121,  17]  =  1.0
  [138,  17]  =  1.0
  [270,  17]  =  -1.0
  [16 ,  18]  =  -0.0253858
  [17 ,  18]  =  -0.0167153
  [18 ,  18]  =  -0.224282
  [19 ,  18]  =  -0.0085638
  [20 ,  18]  =  0.00230309
  [121,  18]  =  1.0
  [139,  18]  =  1.0
  [271,  18]  =  -1.0
  [16 ,  19]  =  -0.0117842
  [17 ,  19]  =  -0.0385952
  [18 ,  19]  =  -0.0085638
  [19 ,  19]  =  -0.335358
  [20 ,  19]  =  0.00233572
  [121,  19]  =  1.0
  [140,  19]  =  1.0
  [272,  19]  =  -1.0
  [16 ,  20]  =  -0.0109165
  [17 ,  20]  =  -0.00533794
  [18 ,  20]  =  0.00230309
  [19 ,  20]  =  0.00233572
  [20 ,  20]  =  -0.188735
  [121,  20]  =  1.0
  [141,  20]  =  1.0
  [273,  20]  =  -1.0
  [21 ,  21]  =  -0.200611
  [22 ,  21]  =  -0.00420303
  [23 ,  21]  =  -0.00852848
  [24 ,  21]  =  -0.000577692
  [25 ,  21]  =  -0.00753061
  [121,  21]  =  1.0
  [142,  21]  =  1.0
  [274,  21]  =  -1.0
  [21 ,  22]  =  -0.00420303
  [22 ,  22]  =  -0.21135
  [23 ,  22]  =  0.00690282
  [24 ,  22]  =  -0.0151393
  [25 ,  22]  =  -0.00165401
  [121,  22]  =  1.0
  [143,  22]  =  1.0
  [275,  22]  =  -1.0
  [21 ,  23]  =  -0.00852848
  [22 ,  23]  =  0.00690282
  [23 ,  23]  =  -0.320888
  [24 ,  23]  =  -0.0211218
  [25 ,  23]  =  -0.00582628
  [121,  23]  =  1.0
  [144,  23]  =  1.0
  [276,  23]  =  -1.0
  [21 ,  24]  =  -0.000577692
  [22 ,  24]  =  -0.0151393
  [23 ,  24]  =  -0.0211218
  [24 ,  24]  =  -0.196874
  [25 ,  24]  =  -0.0109834
  [121,  24]  =  1.0
  [145,  24]  =  1.0
  [277,  24]  =  -1.0
  [21 ,  25]  =  -0.00753061
  [22 ,  25]  =  -0.00165401
  [23 ,  25]  =  -0.00582628
  [24 ,  25]  =  -0.0109834
  [25 ,  25]  =  -0.584056
  [121,  25]  =  1.0
  [146,  25]  =  1.0
  [278,  25]  =  -1.0
  [26 ,  26]  =  -0.377881
  [27 ,  26]  =  -0.0297333
  [28 ,  26]  =  -0.0128279
  [29 ,  26]  =  -0.00636074
  [30 ,  26]  =  -0.0208299
  [121,  26]  =  1.0
  [147,  26]  =  1.0
  [279,  26]  =  -1.0
  [26 ,  27]  =  -0.0297333
  [27 ,  27]  =  -0.412251
  [28 ,  27]  =  -0.00384693
  [29 ,  27]  =  -0.0295636
  [30 ,  27]  =  -0.0137312
  [121,  27]  =  1.0
  [148,  27]  =  1.0
  [280,  27]  =  -1.0
  [26 ,  28]  =  -0.0128279
  [27 ,  28]  =  -0.00384693
  [28 ,  28]  =  -0.235246
  [29 ,  28]  =  -0.024626
  [30 ,  28]  =  0.0101287
  [121,  28]  =  1.0
  [149,  28]  =  1.0
  [281,  28]  =  -1.0
  [26 ,  29]  =  -0.00636074
  [27 ,  29]  =  -0.0295636
  [28 ,  29]  =  -0.024626
  [29 ,  29]  =  -0.816156
  [30 ,  29]  =  -0.0251659
  [121,  29]  =  1.0
  [150,  29]  =  1.0
  [282,  29]  =  -1.0
  [26 ,  30]  =  -0.0208299
  [27 ,  30]  =  -0.0137312
  [28 ,  30]  =  0.0101287
  [29 ,  30]  =  -0.0251659
  [30 ,  30]  =  -0.361015
  [121,  30]  =  1.0
  [151,  30]  =  1.0
  [283,  30]  =  -1.0
  [31 ,  31]  =  -0.260318
  [32 ,  31]  =  0.00837456
  [33 ,  31]  =  -0.0140509
  [34 ,  31]  =  -0.0174014
  [35 ,  31]  =  -0.00468443
  [121,  31]  =  1.0
  [152,  31]  =  1.0
  [284,  31]  =  -1.0
  [31 ,  32]  =  0.00837456
  [32 ,  32]  =  -2.05188
  [33 ,  32]  =  -0.0226177
  [34 ,  32]  =  0.00484207
  [35 ,  32]  =  0.00132756
  [121,  32]  =  1.0
  [153,  32]  =  1.0
  [285,  32]  =  -1.0
  [31 ,  33]  =  -0.0140509
  [32 ,  33]  =  -0.0226177
  [33 ,  33]  =  -0.267889
  [34 ,  33]  =  -0.0232042
  [35 ,  33]  =  -0.0111524
  [121,  33]  =  1.0
  [154,  33]  =  1.0
  [286,  33]  =  -1.0
  [31 ,  34]  =  -0.0174014
  [32 ,  34]  =  0.00484207
  [33 ,  34]  =  -0.0232042
  [34 ,  34]  =  -0.335963
  [35 ,  34]  =  -0.0168604
  [121,  34]  =  1.0
  [155,  34]  =  1.0
  [287,  34]  =  -1.0
  [31 ,  35]  =  -0.00468443
  [32 ,  35]  =  0.00132756
  [33 ,  35]  =  -0.0111524
  [34 ,  35]  =  -0.0168604
  [35 ,  35]  =  -0.181024
  [121,  35]  =  1.0
  [156,  35]  =  1.0
  [288,  35]  =  -1.0
  [36 ,  36]  =  -0.207407
  [37 ,  36]  =  -0.0110107
  [38 ,  36]  =  -0.0033361
  [39 ,  36]  =  -0.00224675
  [40 ,  36]  =  0.0124518
  [121,  36]  =  1.0
  [157,  36]  =  1.0
  [289,  36]  =  -1.0
  [36 ,  37]  =  -0.0110107
  [37 ,  37]  =  -0.188585
  [38 ,  37]  =  -0.0184585
  [39 ,  37]  =  -0.00992618
  [40 ,  37]  =  -0.00566304
  [121,  37]  =  1.0
  [158,  37]  =  1.0
  [290,  37]  =  -1.0
  [36 ,  38]  =  -0.0033361
  [37 ,  38]  =  -0.0184585
  [38 ,  38]  =  -0.452756
  [39 ,  38]  =  -0.00371281
  [40 ,  38]  =  -0.00699413
  [121,  38]  =  1.0
  [159,  38]  =  1.0
  [291,  38]  =  -1.0
  [36 ,  39]  =  -0.00224675
  [37 ,  39]  =  -0.00992618
  [38 ,  39]  =  -0.00371281
  [39 ,  39]  =  -0.12879
  [40 ,  39]  =  -0.00808415
  [121,  39]  =  1.0
  [160,  39]  =  1.0
  [292,  39]  =  -1.0
  [36 ,  40]  =  0.0124518
  [37 ,  40]  =  -0.00566304
  [38 ,  40]  =  -0.00699413
  [39 ,  40]  =  -0.00808415
  [40 ,  40]  =  -0.297808
  [121,  40]  =  1.0
  [161,  40]  =  1.0
  [293,  40]  =  -1.0
  [41 ,  41]  =  -0.345526
  [42 ,  41]  =  -0.0222332
  [43 ,  41]  =  -0.00660236
  [44 ,  41]  =  0.00140168
  [45 ,  41]  =  0.00206696
  [121,  41]  =  1.0
  [162,  41]  =  1.0
  [294,  41]  =  -1.0
  [41 ,  42]  =  -0.0222332
  [42 ,  42]  =  -0.3042
  [43 ,  42]  =  -0.0205788
  [44 ,  42]  =  -0.0106131
  [45 ,  42]  =  -0.0193134
  [121,  42]  =  1.0
  [163,  42]  =  1.0
  [295,  42]  =  -1.0
  [41 ,  43]  =  -0.00660236
  [42 ,  43]  =  -0.0205788
  [43 ,  43]  =  -0.231891
  [44 ,  43]  =  -0.0215351
  [45 ,  43]  =  -0.0131264
  [121,  43]  =  1.0
  [164,  43]  =  1.0
  [296,  43]  =  -1.0
  [41 ,  44]  =  0.00140168
  [42 ,  44]  =  -0.0106131
  [43 ,  44]  =  -0.0215351
  [44 ,  44]  =  -0.174711
  [45 ,  44]  =  -0.0368224
  [121,  44]  =  1.0
  [165,  44]  =  1.0
  [297,  44]  =  -1.0
  [41 ,  45]  =  0.00206696
  [42 ,  45]  =  -0.0193134
  [43 ,  45]  =  -0.0131264
  [44 ,  45]  =  -0.0368224
  [45 ,  45]  =  -0.30342
  [121,  45]  =  1.0
  [166,  45]  =  1.0
  [298,  45]  =  -1.0
  [46 ,  46]  =  -0.499265
  [47 ,  46]  =  -0.00642983
  [48 ,  46]  =  -0.0521206
  [49 ,  46]  =  -0.0108433
  [50 ,  46]  =  -0.0222368
  [121,  46]  =  1.0
  [167,  46]  =  1.0
  [299,  46]  =  -1.0
  [46 ,  47]  =  -0.00642983
  [47 ,  47]  =  -0.213962
  [48 ,  47]  =  -0.0160651
  [49 ,  47]  =  0.00282333
  [50 ,  47]  =  -0.0243317
  [121,  47]  =  1.0
  [168,  47]  =  1.0
  [300,  47]  =  -1.0
  [46 ,  48]  =  -0.0521206
  [47 ,  48]  =  -0.0160651
  [48 ,  48]  =  -0.579406
  [49 ,  48]  =  -0.018345
  [50 ,  48]  =  -0.0276705
  [121,  48]  =  1.0
  [169,  48]  =  1.0
  [301,  48]  =  -1.0
  [46 ,  49]  =  -0.0108433
  [47 ,  49]  =  0.00282333
  [48 ,  49]  =  -0.018345
  [49 ,  49]  =  -0.326096
  [50 ,  49]  =  -0.00846853
  [121,  49]  =  1.0
  [170,  49]  =  1.0
  [302,  49]  =  -1.0
  [46 ,  50]  =  -0.0222368
  [47 ,  50]  =  -0.0243317
  [48 ,  50]  =  -0.0276705
  [49 ,  50]  =  -0.00846853
  [50 ,  50]  =  -0.316058
  [121,  50]  =  1.0
  [171,  50]  =  1.0
  [303,  50]  =  -1.0
  [51 ,  51]  =  -0.157561
  [52 ,  51]  =  -0.00237935
  [53 ,  51]  =  -0.0156661
  [54 ,  51]  =  -0.0103301
  [55 ,  51]  =  -0.0065601
  [121,  51]  =  1.0
  [172,  51]  =  1.0
  [304,  51]  =  -1.0
  [51 ,  52]  =  -0.00237935
  [52 ,  52]  =  -0.116037
  [53 ,  52]  =  -0.013796
  [54 ,  52]  =  -0.0104094
  [55 ,  52]  =  -0.00625641
  [121,  52]  =  1.0
  [173,  52]  =  1.0
  [305,  52]  =  -1.0
  [51 ,  53]  =  -0.0156661
  [52 ,  53]  =  -0.013796
  [53 ,  53]  =  -0.162617
  [54 ,  53]  =  -0.0361096
  [55 ,  53]  =  -0.0118602
  [121,  53]  =  1.0
  [174,  53]  =  1.0
  [306,  53]  =  -1.0
  [51 ,  54]  =  -0.0103301
  [52 ,  54]  =  -0.0104094
  [53 ,  54]  =  -0.0361096
  [54 ,  54]  =  -0.234083
  [55 ,  54]  =  -0.0129125
  [121,  54]  =  1.0
  [175,  54]  =  1.0
  [307,  54]  =  -1.0
  [51 ,  55]  =  -0.0065601
  [52 ,  55]  =  -0.00625641
  [53 ,  55]  =  -0.0118602
  [54 ,  55]  =  -0.0129125
  [55 ,  55]  =  -0.197198
  [121,  55]  =  1.0
  [176,  55]  =  1.0
  [308,  55]  =  -1.0
  [56 ,  56]  =  -0.238114
  [57 ,  56]  =  -0.0263798
  [58 ,  56]  =  0.00524183
  [59 ,  56]  =  -0.0143591
  [60 ,  56]  =  0.000616685
  [121,  56]  =  1.0
  [177,  56]  =  1.0
  [309,  56]  =  -1.0
  [56 ,  57]  =  -0.0263798
  [57 ,  57]  =  -0.785659
  [58 ,  57]  =  -0.0121423
  [59 ,  57]  =  -0.00907266
  [60 ,  57]  =  -0.0451332
  [121,  57]  =  1.0
  [178,  57]  =  1.0
  [310,  57]  =  -1.0
  [56 ,  58]  =  0.00524183
  [57 ,  58]  =  -0.0121423
  [58 ,  58]  =  -0.171946
  [59 ,  58]  =  -0.0118356
  [60 ,  58]  =  -0.000506801
  [121,  58]  =  1.0
  [179,  58]  =  1.0
  [311,  58]  =  -1.0
  [56 ,  59]  =  -0.0143591
  [57 ,  59]  =  -0.00907266
  [58 ,  59]  =  -0.0118356
  [59 ,  59]  =  -0.291319
  [60 ,  59]  =  -0.0282412
  [121,  59]  =  1.0
  [180,  59]  =  1.0
  [312,  59]  =  -1.0
  [56 ,  60]  =  0.000616685
  [57 ,  60]  =  -0.0451332
  [58 ,  60]  =  -0.000506801
  [59 ,  60]  =  -0.0282412
  [60 ,  60]  =  -0.388765
  [121,  60]  =  1.0
  [181,  60]  =  1.0
  [313,  60]  =  -1.0
  [61 ,  61]  =  -0.163584
  [62 ,  61]  =  -0.0137616
  [63 ,  61]  =  -0.00361128
  [64 ,  61]  =  -0.0122945
  [65 ,  61]  =  -0.0281663
  [121,  61]  =  1.0
  [182,  61]  =  1.0
  [314,  61]  =  -1.0
  [61 ,  62]  =  -0.0137616
  [62 ,  62]  =  -6.8535
  [63 ,  62]  =  -0.00805817
  [64 ,  62]  =  0.0199242
  [65 ,  62]  =  0.00452302
  [121,  62]  =  1.0
  [183,  62]  =  1.0
  [315,  62]  =  -1.0
  [61 ,  63]  =  -0.00361128
  [62 ,  63]  =  -0.00805817
  [63 ,  63]  =  -0.0990736
  [64 ,  63]  =  -0.00375787
  [65 ,  63]  =  0.000738838
  [121,  63]  =  1.0
  [184,  63]  =  1.0
  [316,  63]  =  -1.0
  [61 ,  64]  =  -0.0122945
  [62 ,  64]  =  0.0199242
  [63 ,  64]  =  -0.00375787
  [64 ,  64]  =  -0.277466
  [65 ,  64]  =  0.00677296
  [121,  64]  =  1.0
  [185,  64]  =  1.0
  [317,  64]  =  -1.0
  [61 ,  65]  =  -0.0281663
  [62 ,  65]  =  0.00452302
  [63 ,  65]  =  0.000738838
  [64 ,  65]  =  0.00677296
  [65 ,  65]  =  -1.12539
  [121,  65]  =  1.0
  [186,  65]  =  1.0
  [318,  65]  =  -1.0
  [66 ,  66]  =  -0.0896871
  [67 ,  66]  =  -0.0163008
  [68 ,  66]  =  -0.00987211
  [69 ,  66]  =  -0.0137777
  [70 ,  66]  =  -0.0120859
  [121,  66]  =  1.0
  [187,  66]  =  1.0
  [319,  66]  =  -1.0
  [66 ,  67]  =  -0.0163008
  [67 ,  67]  =  -0.133181
  [68 ,  67]  =  0.000786919
  [69 ,  67]  =  -0.019878
  [70 ,  67]  =  -0.00839831
  [121,  67]  =  1.0
  [188,  67]  =  1.0
  [320,  67]  =  -1.0
  [66 ,  68]  =  -0.00987211
  [67 ,  68]  =  0.000786919
  [68 ,  68]  =  -0.18367
  [69 ,  68]  =  -0.0100612
  [70 ,  68]  =  -0.0189265
  [121,  68]  =  1.0
  [189,  68]  =  1.0
  [321,  68]  =  -1.0
  [66 ,  69]  =  -0.0137777
  [67 ,  69]  =  -0.019878
  [68 ,  69]  =  -0.0100612
  [69 ,  69]  =  -0.202292
  [70 ,  69]  =  -0.009901
  [121,  69]  =  1.0
  [190,  69]  =  1.0
  [322,  69]  =  -1.0
  [66 ,  70]  =  -0.0120859
  [67 ,  70]  =  -0.00839831
  [68 ,  70]  =  -0.0189265
  [69 ,  70]  =  -0.009901
  [70 ,  70]  =  -0.171728
  [121,  70]  =  1.0
  [191,  70]  =  1.0
  [323,  70]  =  -1.0
  [71 ,  71]  =  -0.193073
  [72 ,  71]  =  0.000245613
  [73 ,  71]  =  -0.00859998
  [74 ,  71]  =  -0.00227183
  [75 ,  71]  =  -0.0102286
  [121,  71]  =  1.0
  [192,  71]  =  1.0
  [324,  71]  =  -1.0
  [71 ,  72]  =  0.000245613
  [72 ,  72]  =  -0.448906
  [73 ,  72]  =  -0.00276004
  [74 ,  72]  =  -0.00735786
  [75 ,  72]  =  -0.018988
  [121,  72]  =  1.0
  [193,  72]  =  1.0
  [325,  72]  =  -1.0
  [71 ,  73]  =  -0.00859998
  [72 ,  73]  =  -0.00276004
  [73 ,  73]  =  -0.187214
  [74 ,  73]  =  -0.00356803
  [75 ,  73]  =  -0.00894263
  [121,  73]  =  1.0
  [194,  73]  =  1.0
  [326,  73]  =  -1.0
  [71 ,  74]  =  -0.00227183
  [72 ,  74]  =  -0.00735786
  [73 ,  74]  =  -0.00356803
  [74 ,  74]  =  -0.0971905
  [75 ,  74]  =  -0.00327894
  [121,  74]  =  1.0
  [195,  74]  =  1.0
  [327,  74]  =  -1.0
  [71 ,  75]  =  -0.0102286
  [72 ,  75]  =  -0.018988
  [73 ,  75]  =  -0.00894263
  [74 ,  75]  =  -0.00327894
  [75 ,  75]  =  -0.187874
  [121,  75]  =  1.0
  [196,  75]  =  1.0
  [328,  75]  =  -1.0
  [76 ,  76]  =  -0.173584
  [77 ,  76]  =  0.00421102
  [78 ,  76]  =  -0.00769526
  [79 ,  76]  =  0.00273652
  [80 ,  76]  =  -0.0122357
  [121,  76]  =  1.0
  [197,  76]  =  1.0
  [329,  76]  =  -1.0
  [76 ,  77]  =  0.00421102
  [77 ,  77]  =  -0.435266
  [78 ,  77]  =  0.00990425
  [79 ,  77]  =  -0.0169335
  [80 ,  77]  =  -0.0273521
  [121,  77]  =  1.0
  [198,  77]  =  1.0
  [330,  77]  =  -1.0
  [76 ,  78]  =  -0.00769526
  [77 ,  78]  =  0.00990425
  [78 ,  78]  =  -0.118785
  [79 ,  78]  =  0.00154367
  [80 ,  78]  =  -0.00586118
  [121,  78]  =  1.0
  [199,  78]  =  1.0
  [331,  78]  =  -1.0
  [76 ,  79]  =  0.00273652
  [77 ,  79]  =  -0.0169335
  [78 ,  79]  =  0.00154367
  [79 ,  79]  =  -1.01114
  [80 ,  79]  =  -0.0219475
  [121,  79]  =  1.0
  [200,  79]  =  1.0
  [332,  79]  =  -1.0
  [76 ,  80]  =  -0.0122357
  [77 ,  80]  =  -0.0273521
  [78 ,  80]  =  -0.00586118
  [79 ,  80]  =  -0.0219475
  [80 ,  80]  =  -0.592707
  [121,  80]  =  1.0
  [201,  80]  =  1.0
  [333,  80]  =  -1.0
  [81 ,  81]  =  -0.231023
  [82 ,  81]  =  0.00117394
  [83 ,  81]  =  -0.00430244
  [84 ,  81]  =  -0.0225311
  [85 ,  81]  =  -0.0219249
  [121,  81]  =  1.0
  [202,  81]  =  1.0
  [334,  81]  =  -1.0
  [81 ,  82]  =  0.00117394
  [82 ,  82]  =  -0.963296
  [83 ,  82]  =  -0.00759039
  [84 ,  82]  =  0.000797724
  [85 ,  82]  =  -0.00854154
  [121,  82]  =  1.0
  [203,  82]  =  1.0
  [335,  82]  =  -1.0
  [81 ,  83]  =  -0.00430244
  [82 ,  83]  =  -0.00759039
  [83 ,  83]  =  -0.184545
  [84 ,  83]  =  -0.00798069
  [85 ,  83]  =  -0.00149672
  [121,  83]  =  1.0
  [204,  83]  =  1.0
  [336,  83]  =  -1.0
  [81 ,  84]  =  -0.0225311
  [82 ,  84]  =  0.000797724
  [83 ,  84]  =  -0.00798069
  [84 ,  84]  =  -0.283996
  [85 ,  84]  =  -0.00754837
  [121,  84]  =  1.0
  [205,  84]  =  1.0
  [337,  84]  =  -1.0
  [81 ,  85]  =  -0.0219249
  [82 ,  85]  =  -0.00854154
  [83 ,  85]  =  -0.00149672
  [84 ,  85]  =  -0.00754837
  [85 ,  85]  =  -0.186032
  [121,  85]  =  1.0
  [206,  85]  =  1.0
  [338,  85]  =  -1.0
  [86 ,  86]  =  -0.14982
  [87 ,  86]  =  -0.00935354
  [88 ,  86]  =  -0.00265775
  [89 ,  86]  =  -0.0125351
  [90 ,  86]  =  -0.0228402
  [121,  86]  =  1.0
  [207,  86]  =  1.0
  [339,  86]  =  -1.0
  [86 ,  87]  =  -0.00935354
  [87 ,  87]  =  -0.157709
  [88 ,  87]  =  0.00130221
  [89 ,  87]  =  -0.0143782
  [90 ,  87]  =  -0.0188128
  [121,  87]  =  1.0
  [208,  87]  =  1.0
  [340,  87]  =  -1.0
  [86 ,  88]  =  -0.00265775
  [87 ,  88]  =  0.00130221
  [88 ,  88]  =  -0.281011
  [89 ,  88]  =  0.00789463
  [90 ,  88]  =  0.00247512
  [121,  88]  =  1.0
  [209,  88]  =  1.0
  [341,  88]  =  -1.0
  [86 ,  89]  =  -0.0125351
  [87 ,  89]  =  -0.0143782
  [88 ,  89]  =  0.00789463
  [89 ,  89]  =  -0.244647
  [90 ,  89]  =  0.00876389
  [121,  89]  =  1.0
  [210,  89]  =  1.0
  [342,  89]  =  -1.0
  [86 ,  90]  =  -0.0228402
  [87 ,  90]  =  -0.0188128
  [88 ,  90]  =  0.00247512
  [89 ,  90]  =  0.00876389
  [90 ,  90]  =  -0.569836
  [121,  90]  =  1.0
  [211,  90]  =  1.0
  [343,  90]  =  -1.0
  [91 ,  91]  =  -0.28799
  [92 ,  91]  =  -0.00876547
  [93 ,  91]  =  0.00556826
  [94 ,  91]  =  -0.0176385
  [95 ,  91]  =  -0.0290636
  [121,  91]  =  1.0
  [212,  91]  =  1.0
  [344,  91]  =  -1.0
  [91 ,  92]  =  -0.00876547
  [92 ,  92]  =  -0.362776
  [93 ,  92]  =  -0.0103337
  [94 ,  92]  =  0.00768852
  [95 ,  92]  =  -0.00195758
  [121,  92]  =  1.0
  [213,  92]  =  1.0
  [345,  92]  =  -1.0
  [91 ,  93]  =  0.00556826
  [92 ,  93]  =  -0.0103337
  [93 ,  93]  =  -0.123738
  [94 ,  93]  =  -0.0118421
  [95 ,  93]  =  0.0117566
  [121,  93]  =  1.0
  [214,  93]  =  1.0
  [346,  93]  =  -1.0
  [91 ,  94]  =  -0.0176385
  [92 ,  94]  =  0.00768852
  [93 ,  94]  =  -0.0118421
  [94 ,  94]  =  -0.266064
  [95 ,  94]  =  -0.0526021
  [121,  94]  =  1.0
  [215,  94]  =  1.0
  [347,  94]  =  -1.0
  [91 ,  95]  =  -0.0290636
  [92 ,  95]  =  -0.00195758
  [93 ,  95]  =  0.0117566
  [94 ,  95]  =  -0.0526021
  [95 ,  95]  =  -1.96526
  [121,  95]  =  1.0
  [216,  95]  =  1.0
  [348,  95]  =  -1.0
  [96 ,  96]  =  -0.303278
  [97 ,  96]  =  -0.0164763
  [98 ,  96]  =  -0.00912737
  [99 ,  96]  =  0.000693253
  [100,  96]  =  -0.0136045
  [121,  96]  =  1.0
  [217,  96]  =  1.0
  [349,  96]  =  -1.0
  [96 ,  97]  =  -0.0164763
  [97 ,  97]  =  -0.161533
  [98 ,  97]  =  0.00293683
  [99 ,  97]  =  0.00192021
  [100,  97]  =  0.00626618
  [121,  97]  =  1.0
  [218,  97]  =  1.0
  [350,  97]  =  -1.0
  [96 ,  98]  =  -0.00912737
  [97 ,  98]  =  0.00293683
  [98 ,  98]  =  -0.289883
  [99 ,  98]  =  0.00139838
  [100,  98]  =  -0.00429337
  [121,  98]  =  1.0
  [219,  98]  =  1.0
  [351,  98]  =  -1.0
  [96 ,  99]  =  0.000693253
  [97 ,  99]  =  0.00192021
  [98 ,  99]  =  0.00139838
  [99 ,  99]  =  -0.348054
  [100,  99]  =  -0.0142555
  [121,  99]  =  1.0
  [220,  99]  =  1.0
  [352,  99]  =  -1.0
  [96 , 100]  =  -0.0136045
  [97 , 100]  =  0.00626618
  [98 , 100]  =  -0.00429337
  [99 , 100]  =  -0.0142555
  [100, 100]  =  -0.390819
  [121, 100]  =  1.0
  [221, 100]  =  1.0
  [353, 100]  =  -1.0
  [101, 101]  =  -0.249079
  [102, 101]  =  -0.0228158
  [103, 101]  =  -0.0267523
  [104, 101]  =  -0.0336793
  [105, 101]  =  -0.0171112
  [121, 101]  =  1.0
  [222, 101]  =  1.0
  [354, 101]  =  -1.0
  [101, 102]  =  -0.0228158
  [102, 102]  =  -0.268828
  [103, 102]  =  -0.0123667
  [104, 102]  =  -0.0207043
  [105, 102]  =  -0.0145201
  [121, 102]  =  1.0
  [223, 102]  =  1.0
  [355, 102]  =  -1.0
  [101, 103]  =  -0.0267523
  [102, 103]  =  -0.0123667
  [103, 103]  =  -0.30565
  [104, 103]  =  -0.0299472
  [105, 103]  =  -0.0319471
  [121, 103]  =  1.0
  [224, 103]  =  1.0
  [356, 103]  =  -1.0
  [101, 104]  =  -0.0336793
  [102, 104]  =  -0.0207043
  [103, 104]  =  -0.0299472
  [104, 104]  =  -0.292681
  [105, 104]  =  -0.0117317
  [121, 104]  =  1.0
  [225, 104]  =  1.0
  [357, 104]  =  -1.0
  [101, 105]  =  -0.0171112
  [102, 105]  =  -0.0145201
  [103, 105]  =  -0.0319471
  [104, 105]  =  -0.0117317
  [105, 105]  =  -0.355942
  [121, 105]  =  1.0
  [226, 105]  =  1.0
  [358, 105]  =  -1.0
  [106, 106]  =  -0.372302
  [107, 106]  =  -0.00863879
  [108, 106]  =  0.00186317
  [109, 106]  =  -0.0168392
  [110, 106]  =  -0.00382634
  [121, 106]  =  1.0
  [227, 106]  =  1.0
  [359, 106]  =  -1.0
  [106, 107]  =  -0.00863879
  [107, 107]  =  -0.234112
  [108, 107]  =  -0.0303055
  [109, 107]  =  -0.0298157
  [110, 107]  =  -0.030492
  [121, 107]  =  1.0
  [228, 107]  =  1.0
  [360, 107]  =  -1.0
  [106, 108]  =  0.00186317
  [107, 108]  =  -0.0303055
  [108, 108]  =  -0.22658
  [109, 108]  =  0.001419
  [110, 108]  =  -0.0138589
  [121, 108]  =  1.0
  [229, 108]  =  1.0
  [361, 108]  =  -1.0
  [106, 109]  =  -0.0168392
  [107, 109]  =  -0.0298157
  [108, 109]  =  0.001419
  [109, 109]  =  -0.337836
  [110, 109]  =  -0.0315988
  [121, 109]  =  1.0
  [230, 109]  =  1.0
  [362, 109]  =  -1.0
  [106, 110]  =  -0.00382634
  [107, 110]  =  -0.030492
  [108, 110]  =  -0.0138589
  [109, 110]  =  -0.0315988
  [110, 110]  =  -0.202317
  [121, 110]  =  1.0
  [231, 110]  =  1.0
  [363, 110]  =  -1.0
  [111, 111]  =  -0.33873
  [112, 111]  =  -0.0100485
  [113, 111]  =  -0.0418781
  [114, 111]  =  -0.0322405
  [115, 111]  =  -0.0172222
  [121, 111]  =  1.0
  [232, 111]  =  1.0
  [364, 111]  =  -1.0
  [111, 112]  =  -0.0100485
  [112, 112]  =  -0.837993
  [113, 112]  =  -0.00773677
  [114, 112]  =  -0.0355402
  [115, 112]  =  -0.000651888
  [121, 112]  =  1.0
  [233, 112]  =  1.0
  [365, 112]  =  -1.0
  [111, 113]  =  -0.0418781
  [112, 113]  =  -0.00773677
  [113, 113]  =  -0.266305
  [114, 113]  =  -0.0119102
  [115, 113]  =  -0.0257573
  [121, 113]  =  1.0
  [234, 113]  =  1.0
  [366, 113]  =  -1.0
  [111, 114]  =  -0.0322405
  [112, 114]  =  -0.0355402
  [113, 114]  =  -0.0119102
  [114, 114]  =  -0.384222
  [115, 114]  =  -0.0224497
  [121, 114]  =  1.0
  [235, 114]  =  1.0
  [367, 114]  =  -1.0
  [111, 115]  =  -0.0172222
  [112, 115]  =  -0.000651888
  [113, 115]  =  -0.0257573
  [114, 115]  =  -0.0224497
  [115, 115]  =  -0.256125
  [121, 115]  =  1.0
  [236, 115]  =  1.0
  [368, 115]  =  -1.0
  [116, 116]  =  -0.540975
  [117, 116]  =  -0.0338319
  [118, 116]  =  -0.0254311
  [119, 116]  =  -0.000657758
  [120, 116]  =  -0.0205985
  [121, 116]  =  1.0
  [237, 116]  =  1.0
  [369, 116]  =  -1.0
  [116, 117]  =  -0.0338319
  [117, 117]  =  -0.469947
  [118, 117]  =  0.00786767
  [119, 117]  =  -0.00474408
  [120, 117]  =  -0.0128559
  [121, 117]  =  1.0
  [238, 117]  =  1.0
  [370, 117]  =  -1.0
  [116, 118]  =  -0.0254311
  [117, 118]  =  0.00786767
  [118, 118]  =  -0.350029
  [119, 118]  =  -0.000753406
  [120, 118]  =  -0.0167199
  [121, 118]  =  1.0
  [239, 118]  =  1.0
  [371, 118]  =  -1.0
  [116, 119]  =  -0.000657758
  [117, 119]  =  -0.00474408
  [118, 119]  =  -0.000753406
  [119, 119]  =  -0.726744
  [120, 119]  =  -0.0242248
  [121, 119]  =  1.0
  [240, 119]  =  1.0
  [372, 119]  =  -1.0
  [116, 120]  =  -0.0205985
  [117, 120]  =  -0.0128559
  [118, 120]  =  -0.0167199
  [119, 120]  =  -0.0242248
  [120, 120]  =  -0.238075
  [121, 120]  =  1.0
  [241, 120]  =  1.0
  [373, 120]  =  -1.0
  [1  , 121]  =  1.0
  [375, 121]  =  -1.0
  [2  , 122]  =  1.0
  [376, 122]  =  -1.0
  [3  , 123]  =  1.0
  [377, 123]  =  -1.0
  [4  , 124]  =  1.0
  [378, 124]  =  -1.0
  [5  , 125]  =  1.0
  [379, 125]  =  -1.0
  [6  , 126]  =  1.0
  [381, 126]  =  -1.0
  [7  , 127]  =  1.0
  [382, 127]  =  -1.0
  [8  , 128]  =  1.0
  [383, 128]  =  -1.0
  [9  , 129]  =  1.0
  [384, 129]  =  -1.0
  [10 , 130]  =  1.0
  [385, 130]  =  -1.0
  [11 , 131]  =  1.0
  [387, 131]  =  -1.0
  [12 , 132]  =  1.0
  [388, 132]  =  -1.0
  [13 , 133]  =  1.0
  [389, 133]  =  -1.0
  [14 , 134]  =  1.0
  [390, 134]  =  -1.0
  [15 , 135]  =  1.0
  [391, 135]  =  -1.0
  [16 , 136]  =  1.0
  [393, 136]  =  -1.0
  [17 , 137]  =  1.0
  [394, 137]  =  -1.0
  [18 , 138]  =  1.0
  [395, 138]  =  -1.0
  [19 , 139]  =  1.0
  [396, 139]  =  -1.0
  [20 , 140]  =  1.0
  [397, 140]  =  -1.0
  [21 , 141]  =  1.0
  [399, 141]  =  -1.0
  [22 , 142]  =  1.0
  [400, 142]  =  -1.0
  [23 , 143]  =  1.0
  [401, 143]  =  -1.0
  [24 , 144]  =  1.0
  [402, 144]  =  -1.0
  [25 , 145]  =  1.0
  [403, 145]  =  -1.0
  [26 , 146]  =  1.0
  [405, 146]  =  -1.0
  [27 , 147]  =  1.0
  [406, 147]  =  -1.0
  [28 , 148]  =  1.0
  [407, 148]  =  -1.0
  [29 , 149]  =  1.0
  [408, 149]  =  -1.0
  [30 , 150]  =  1.0
  [409, 150]  =  -1.0
  [31 , 151]  =  1.0
  [411, 151]  =  -1.0
  [32 , 152]  =  1.0
  [412, 152]  =  -1.0
  [33 , 153]  =  1.0
  [413, 153]  =  -1.0
  [34 , 154]  =  1.0
  [414, 154]  =  -1.0
  [35 , 155]  =  1.0
  [415, 155]  =  -1.0
  [36 , 156]  =  1.0
  [417, 156]  =  -1.0
  [37 , 157]  =  1.0
  [418, 157]  =  -1.0
  [38 , 158]  =  1.0
  [419, 158]  =  -1.0
  [39 , 159]  =  1.0
  [420, 159]  =  -1.0
  [40 , 160]  =  1.0
  [421, 160]  =  -1.0
  [41 , 161]  =  1.0
  [423, 161]  =  -1.0
  [42 , 162]  =  1.0
  [424, 162]  =  -1.0
  [43 , 163]  =  1.0
  [425, 163]  =  -1.0
  [44 , 164]  =  1.0
  [426, 164]  =  -1.0
  [45 , 165]  =  1.0
  [427, 165]  =  -1.0
  [46 , 166]  =  1.0
  [429, 166]  =  -1.0
  [47 , 167]  =  1.0
  [430, 167]  =  -1.0
  [48 , 168]  =  1.0
  [431, 168]  =  -1.0
  [49 , 169]  =  1.0
  [432, 169]  =  -1.0
  [50 , 170]  =  1.0
  [433, 170]  =  -1.0
  [51 , 171]  =  1.0
  [435, 171]  =  -1.0
  [52 , 172]  =  1.0
  [436, 172]  =  -1.0
  [53 , 173]  =  1.0
  [437, 173]  =  -1.0
  [54 , 174]  =  1.0
  [438, 174]  =  -1.0
  [55 , 175]  =  1.0
  [439, 175]  =  -1.0
  [56 , 176]  =  1.0
  [441, 176]  =  -1.0
  [57 , 177]  =  1.0
  [442, 177]  =  -1.0
  [58 , 178]  =  1.0
  [443, 178]  =  -1.0
  [59 , 179]  =  1.0
  [444, 179]  =  -1.0
  [60 , 180]  =  1.0
  [445, 180]  =  -1.0
  [61 , 181]  =  1.0
  [447, 181]  =  -1.0
  [450, 181]  =  1.0
  [62 , 182]  =  1.0
  [453, 182]  =  -1.0
  [456, 182]  =  1.0
  [63 , 183]  =  1.0
  [459, 183]  =  -1.0
  [462, 183]  =  1.0
  [64 , 184]  =  1.0
  [465, 184]  =  -1.0
  [468, 184]  =  1.0
  [65 , 185]  =  1.0
  [471, 185]  =  -1.0
  [474, 185]  =  1.0
  [66 , 186]  =  1.0
  [477, 186]  =  -1.0
  [480, 186]  =  1.0
