----------------------------------------------------------------------------
	SCS v1.2.6 - Splitting Conic Solver
	(c) Brendan O'Donoghue, Stanford University, 2012-2016
----------------------------------------------------------------------------
Lin-sys: sparse-direct, nnz in A = 3375
eps = 1.00e-04, alpha = 1.80, max_iters = 50000, normalize = 1, scale = 5.00
Variables n = 330, constraints m = 712
Cones:	primal zero / dual free vars: 120
	linear vars: 244
	soc vars: 78, soc blks: 3
	exp vars: 270, dual exp vars: 0
Setup time: 9.00e-04s
----------------------------------------------------------------------------
 Iter | pri res | dua res | rel gap | pri obj | dua obj | kap/tau | time (s)
----------------------------------------------------------------------------
     0|      inf       inf      -nan      -inf      -inf       inf  1.73e-03 
   100| 6.61e-03  1.41e-03  1.42e-02 -1.96e-01 -1.77e-01  0.00e+00  4.74e-01 
   200| 2.87e-03  4.82e-04  2.10e-02 -1.93e-01 -1.64e-01  3.77e-16  8.69e-01 
   300| 2.36e-03  2.68e-04  1.73e-02 -1.82e-01 -1.59e-01  0.00e+00  1.28e+00 
   400| 1.92e-03  2.34e-04  1.62e-02 -1.77e-01 -1.55e-01  4.09e-16  1.71e+00 
   500| 1.69e-03  1.94e-04  1.51e-02 -1.73e-01 -1.53e-01  8.49e-16  2.14e+00 
   600| 1.53e-03  1.66e-04  1.43e-02 -1.70e-01 -1.51e-01  4.39e-16  2.59e+00 
   700| 1.43e-03  1.50e-04  1.38e-02 -1.67e-01 -1.49e-01  0.00e+00  2.99e+00 
   800| 1.36e-03  1.39e-04  1.34e-02 -1.65e-01 -1.47e-01  0.00e+00  3.37e+00 
   900| 1.31e-03  1.32e-04  1.32e-02 -1.63e-01 -1.46e-01  0.00e+00  3.74e+00 
  1000| 1.27e-03  1.28e-04  1.30e-02 -1.62e-01 -1.45e-01  0.00e+00  4.11e+00 
  1100| 1.25e-03  1.25e-04  1.30e-02 -1.61e-01 -1.44e-01  0.00e+00  4.49e+00 
  1200| 1.23e-03  1.23e-04  1.29e-02 -1.60e-01 -1.43e-01  0.00e+00  4.87e+00 
  1300| 1.22e-03  1.22e-04  1.30e-02 -1.59e-01 -1.42e-01  0.00e+00  5.27e+00 
  1400| 1.22e-03  1.22e-04  1.31e-02 -1.58e-01 -1.41e-01  0.00e+00  5.67e+00 
  1500| 1.08e-03  1.34e-04  1.32e-02 -1.57e-01 -1.40e-01  0.00e+00  6.08e+00 
  1600| 1.04e-03  1.29e-04  1.30e-02 -1.55e-01 -1.39e-01  0.00e+00  6.49e+00 
  1700| 1.00e-03  1.25e-04  1.29e-02 -1.54e-01 -1.38e-01  0.00e+00  6.90e+00 
  1800| 9.70e-04  1.22e-04  1.27e-02 -1.53e-01 -1.37e-01  0.00e+00  7.31e+00 
  1900| 9.41e-04  1.19e-04  1.26e-02 -1.52e-01 -1.36e-01  0.00e+00  7.72e+00 
  2000| 9.19e-04  1.17e-04  1.25e-02 -1.51e-01 -1.35e-01  0.00e+00  8.13e+00 
  2100| 8.95e-04  1.15e-04  1.24e-02 -1.50e-01 -1.35e-01  0.00e+00  8.53e+00 
  2200| 8.77e-04  1.14e-04  1.23e-02 -1.50e-01 -1.34e-01  0.00e+00  8.92e+00 
  2300| 8.62e-04  1.12e-04  1.22e-02 -1.49e-01 -1.33e-01  7.23e-16  9.32e+00 
  2400| 8.49e-04  1.11e-04  1.21e-02 -1.48e-01 -1.32e-01  7.43e-16  9.72e+00 
  2500| 8.38e-04  1.12e-04  1.21e-02 -1.47e-01 -1.32e-01  3.82e-16  1.01e+01 
  2600| 8.21e-04  1.10e-04  1.21e-02 -1.47e-01 -1.31e-01  3.92e-16  1.05e+01 
  2700| 8.01e-04  1.09e-04  1.20e-02 -1.46e-01 -1.31e-01  4.03e-16  1.09e+01 
  2800| 7.89e-04  1.08e-04  1.20e-02 -1.45e-01 -1.30e-01  4.14e-16  1.13e+01 
  2900| 7.80e-04  1.08e-04  1.19e-02 -1.45e-01 -1.29e-01  0.00e+00  1.18e+01 
  3000| 7.40e-04  1.08e-04  1.19e-02 -1.44e-01 -1.29e-01  4.36e-16  1.22e+01 
  3100| 7.23e-04  1.06e-04  1.18e-02 -1.43e-01 -1.28e-01  0.00e+00  1.26e+01 
  3200| 7.03e-04  1.05e-04  1.16e-02 -1.42e-01 -1.28e-01  0.00e+00  1.30e+01 
  3300| 6.73e-04  1.04e-04  1.15e-02 -1.42e-01 -1.27e-01  0.00e+00  1.34e+01 
  3400| 6.55e-04  1.02e-04  1.14e-02 -1.41e-01 -1.27e-01  0.00e+00  1.38e+01 
  3500| 5.82e-04  1.04e-04  1.12e-02 -1.40e-01 -1.26e-01  0.00e+00  1.42e+01 
  3600| 5.47e-04  9.97e-05  1.09e-02 -1.39e-01 -1.26e-01  0.00e+00  1.46e+01 
  3700| 5.25e-04  9.64e-05  1.06e-02 -1.39e-01 -1.25e-01  0.00e+00  1.50e+01 
  3800| 5.05e-04  9.32e-05  1.03e-02 -1.38e-01 -1.25e-01  0.00e+00  1.53e+01 
  3900| 4.87e-04  9.03e-05  1.00e-02 -1.37e-01 -1.24e-01  0.00e+00  1.57e+01 
  4000| 4.70e-04  8.76e-05  9.74e-03 -1.36e-01 -1.24e-01  0.00e+00  1.60e+01 
  4100| 4.54e-04  8.50e-05  9.49e-03 -1.36e-01 -1.24e-01  0.00e+00  1.63e+01 
  4200| 4.39e-04  8.26e-05  9.24e-03 -1.35e-01 -1.24e-01  0.00e+00  1.67e+01 
  4300| 4.26e-04  8.03e-05  9.01e-03 -1.35e-01 -1.23e-01  0.00e+00  1.70e+01 
  4400| 4.13e-04  7.81e-05  8.79e-03 -1.34e-01 -1.23e-01  0.00e+00  1.73e+01 
  4500| 4.01e-04  7.61e-05  8.58e-03 -1.33e-01 -1.23e-01  0.00e+00  1.77e+01 
  4600| 3.89e-04  7.41e-05  8.38e-03 -1.33e-01 -1.22e-01  0.00e+00  1.80e+01 
  4700| 3.73e-04  7.23e-05  8.18e-03 -1.32e-01 -1.22e-01  0.00e+00  1.84e+01 
  4800| 3.56e-04  7.03e-05  7.97e-03 -1.32e-01 -1.22e-01  0.00e+00  1.87e+01 
  4900| 3.45e-04  6.84e-05  7.76e-03 -1.31e-01 -1.22e-01  0.00e+00  1.90e+01 
  5000| 3.35e-04  6.65e-05  7.55e-03 -1.31e-01 -1.22e-01  0.00e+00  1.93e+01 
  5100| 3.24e-04  6.46e-05  7.36e-03 -1.31e-01 -1.21e-01  0.00e+00  1.96e+01 
  5200| 3.15e-04  6.29e-05  7.17e-03 -1.30e-01 -1.21e-01  0.00e+00  1.98e+01 
  5300| 3.06e-04  6.12e-05  6.98e-03 -1.30e-01 -1.21e-01  3.53e-16  2.01e+01 
  5400| 2.97e-04  5.95e-05  6.80e-03 -1.29e-01 -1.21e-01  3.58e-16  2.04e+01 
  5500| 2.87e-04  5.79e-05  6.63e-03 -1.29e-01 -1.21e-01  0.00e+00  2.06e+01 
  5600| 2.79e-04  5.64e-05  6.45e-03 -1.29e-01 -1.21e-01  3.69e-16  2.09e+01 
  5700| 2.71e-04  5.48e-05  6.29e-03 -1.28e-01 -1.20e-01  3.74e-16  2.12e+01 
  5800| 2.64e-04  5.34e-05  6.13e-03 -1.28e-01 -1.20e-01  3.79e-16  2.14e+01 
  5900| 2.53e-04  5.19e-05  5.96e-03 -1.28e-01 -1.20e-01  0.00e+00  2.17e+01 
  6000| 2.46e-04  5.05e-05  5.80e-03 -1.27e-01 -1.20e-01  7.78e-16  2.19e+01 
  6100| 2.39e-04  4.91e-05  5.64e-03 -1.27e-01 -1.20e-01  3.94e-16  2.22e+01 
  6200| 2.32e-04  4.77e-05  5.49e-03 -1.27e-01 -1.20e-01  0.00e+00  2.25e+01 
  6300| 2.25e-04  4.64e-05  5.34e-03 -1.26e-01 -1.20e-01  0.00e+00  2.27e+01 
  6400| 2.19e-04  4.51e-05  5.20e-03 -1.26e-01 -1.20e-01  4.08e-16  2.30e+01 
  6500| 2.13e-04  4.38e-05  5.05e-03 -1.26e-01 -1.20e-01  4.13e-16  2.32e+01 
  6600| 2.08e-04  4.26e-05  4.92e-03 -1.26e-01 -1.20e-01  4.17e-16  2.35e+01 
  6700| 2.02e-04  4.14e-05  4.78e-03 -1.25e-01 -1.19e-01  4.21e-16  2.38e+01 
  6800| 1.97e-04  4.03e-05  4.65e-03 -1.25e-01 -1.19e-01  4.26e-16  2.40e+01 
  6900| 1.92e-04  3.92e-05  4.53e-03 -1.25e-01 -1.19e-01  8.60e-16  2.43e+01 
  7000| 1.86e-04  3.81e-05  4.41e-03 -1.25e-01 -1.19e-01  4.34e-16  2.45e+01 
  7100| 1.80e-04  3.70e-05  4.28e-03 -1.25e-01 -1.19e-01  4.38e-16  2.48e+01 
  7200| 1.75e-04  3.60e-05  4.16e-03 -1.24e-01 -1.19e-01  0.00e+00  2.50e+01 
  7300| 1.71e-04  3.49e-05  4.04e-03 -1.24e-01 -1.19e-01  0.00e+00  2.53e+01 
  7400| 1.66e-04  3.39e-05  3.93e-03 -1.24e-01 -1.19e-01  0.00e+00  2.55e+01 
  7500| 1.62e-04  3.30e-05  3.82e-03 -1.24e-01 -1.19e-01  0.00e+00  2.58e+01 
  7600| 1.58e-04  3.20e-05  3.71e-03 -1.24e-01 -1.19e-01  0.00e+00  2.60e+01 
  7700| 1.52e-04  3.10e-05  3.60e-03 -1.23e-01 -1.19e-01  0.00e+00  2.63e+01 
  7800| 1.48e-04  3.02e-05  3.50e-03 -1.23e-01 -1.19e-01  0.00e+00  2.65e+01 
  7900| 1.44e-04  2.93e-05  3.40e-03 -1.23e-01 -1.19e-01  0.00e+00  2.68e+01 
  8000| 1.41e-04  2.84e-05  3.29e-03 -1.23e-01 -1.19e-01  0.00e+00  2.70e+01 
  8100| 1.37e-04  2.75e-05  3.20e-03 -1.23e-01 -1.19e-01  0.00e+00  2.73e+01 
  8200| 1.34e-04  2.67e-05  3.10e-03 -1.23e-01 -1.19e-01  0.00e+00  2.75e+01 
  8300| 1.30e-04  2.59e-05  3.01e-03 -1.22e-01 -1.19e-01  0.00e+00  2.78e+01 
  8400| 1.27e-04  2.51e-05  2.92e-03 -1.22e-01 -1.19e-01  0.00e+00  2.80e+01 
  8500| 1.24e-04  2.44e-05  2.83e-03 -1.22e-01 -1.19e-01  0.00e+00  2.83e+01 
  8600| 1.21e-04  2.36e-05  2.75e-03 -1.22e-01 -1.19e-01  0.00e+00  2.85e+01 
  8700| 1.18e-04  2.29e-05  2.66e-03 -1.22e-01 -1.19e-01  0.00e+00  2.88e+01 
  8800| 1.15e-04  2.22e-05  2.58e-03 -1.22e-01 -1.19e-01  0.00e+00  2.90e+01 
  8900| 1.13e-04  2.15e-05  2.51e-03 -1.22e-01 -1.18e-01  0.00e+00  2.93e+01 
  9000| 1.10e-04  2.09e-05  2.43e-03 -1.21e-01 -1.18e-01  0.00e+00  2.95e+01 
  9100| 1.08e-04  2.03e-05  2.36e-03 -1.21e-01 -1.18e-01  0.00e+00  2.98e+01 
  9200| 1.05e-04  1.96e-05  2.29e-03 -1.21e-01 -1.18e-01  0.00e+00  3.00e+01 
  9300| 1.03e-04  1.90e-05  2.22e-03 -1.21e-01 -1.18e-01  0.00e+00  3.03e+01 
  9400| 1.01e-04  1.85e-05  2.15e-03 -1.21e-01 -1.18e-01  0.00e+00  3.05e+01 
  9500| 9.88e-05  1.79e-05  2.08e-03 -1.21e-01 -1.18e-01  0.00e+00  3.07e+01 
  9600| 9.67e-05  1.73e-05  2.02e-03 -1.21e-01 -1.18e-01  0.00e+00  3.10e+01 
  9700| 9.47e-05  1.68e-05  1.96e-03 -1.21e-01 -1.18e-01  0.00e+00  3.12e+01 
  9800| 9.28e-05  1.63e-05  1.90e-03 -1.21e-01 -1.18e-01  0.00e+00  3.15e+01 
  9900| 9.10e-05  1.58e-05  1.84e-03 -1.21e-01 -1.18e-01  0.00e+00  3.17e+01 
 10000| 8.92e-05  1.53e-05  1.78e-03 -1.21e-01 -1.18e-01  0.00e+00  3.20e+01 
 10100| 8.72e-05  1.48e-05  1.73e-03 -1.20e-01 -1.18e-01  0.00e+00  3.22e+01 
 10200| 8.55e-05  1.44e-05  1.67e-03 -1.20e-01 -1.18e-01  0.00e+00  3.25e+01 
 10300| 8.39e-05  1.39e-05  1.62e-03 -1.20e-01 -1.18e-01  0.00e+00  3.27e+01 
 10400| 8.24e-05  1.35e-05  1.57e-03 -1.20e-01 -1.18e-01  0.00e+00  3.30e+01 
 10500| 8.09e-05  1.30e-05  1.52e-03 -1.20e-01 -1.18e-01  0.00e+00  3.32e+01 
 10600| 7.95e-05  1.26e-05  1.47e-03 -1.20e-01 -1.18e-01  0.00e+00  3.35e+01 
 10700| 7.82e-05  1.22e-05  1.43e-03 -1.20e-01 -1.18e-01  0.00e+00  3.37e+01 
 10800| 7.66e-05  1.19e-05  1.38e-03 -1.20e-01 -1.18e-01  0.00e+00  3.40e+01 
 10900| 7.52e-05  1.15e-05  1.34e-03 -1.20e-01 -1.18e-01  0.00e+00  3.42e+01 
 11000| 7.40e-05  1.11e-05  1.29e-03 -1.20e-01 -1.18e-01  0.00e+00  3.45e+01 
 11100| 7.28e-05  1.07e-05  1.25e-03 -1.20e-01 -1.18e-01  0.00e+00  3.47e+01 
 11200| 7.17e-05  1.04e-05  1.21e-03 -1.20e-01 -1.18e-01  0.00e+00  3.50e+01 
 11300| 7.06e-05  1.00e-05  1.17e-03 -1.20e-01 -1.18e-01  0.00e+00  3.52e+01 
 11400| 6.96e-05  9.69e-06  1.13e-03 -1.20e-01 -1.18e-01  0.00e+00  3.54e+01 
 11500| 6.86e-05  9.37e-06  1.09e-03 -1.20e-01 -1.18e-01  0.00e+00  3.57e+01 
 11600| 6.76e-05  9.06e-06  1.06e-03 -1.19e-01 -1.18e-01  0.00e+00  3.59e+01 
 11700| 6.67e-05  8.76e-06  1.02e-03 -1.19e-01 -1.18e-01  0.00e+00  3.62e+01 
 11800| 6.58e-05  8.46e-06  9.87e-04 -1.19e-01 -1.18e-01  0.00e+00  3.64e+01 
 11900| 6.50e-05  8.18e-06  9.55e-04 -1.19e-01 -1.18e-01  0.00e+00  3.67e+01 
 12000| 6.42e-05  7.91e-06  9.23e-04 -1.19e-01 -1.18e-01  0.00e+00  3.69e+01 
 12100| 6.34e-05  7.65e-06  8.92e-04 -1.19e-01 -1.18e-01  0.00e+00  3.72e+01 
 12200| 6.27e-05  7.39e-06  8.62e-04 -1.19e-01 -1.18e-01  0.00e+00  3.74e+01 
 12300| 6.20e-05  7.14e-06  8.33e-04 -1.19e-01 -1.18e-01  0.00e+00  3.77e+01 
 12400| 6.13e-05  6.90e-06  8.05e-04 -1.19e-01 -1.18e-01  0.00e+00  3.79e+01 
 12500| 6.07e-05  6.67e-06  7.78e-04 -1.19e-01 -1.18e-01  0.00e+00  3.81e+01 
 12600| 6.00e-05  6.44e-06  7.52e-04 -1.19e-01 -1.18e-01  0.00e+00  3.84e+01 
 12700| 5.94e-05  6.23e-06  7.26e-04 -1.19e-01 -1.18e-01  0.00e+00  3.86e+01 
 12800| 5.89e-05  6.02e-06  7.02e-04 -1.19e-01 -1.18e-01  0.00e+00  3.89e+01 
 12900| 5.83e-05  5.81e-06  6.78e-04 -1.19e-01 -1.18e-01  0.00e+00  3.91e+01 
 13000| 5.78e-05  5.61e-06  6.55e-04 -1.19e-01 -1.18e-01  0.00e+00  3.94e+01 
 13100| 5.73e-05  5.42e-06  6.33e-04 -1.19e-01 -1.18e-01  0.00e+00  3.96e+01 
 13200| 5.68e-05  5.24e-06  6.11e-04 -1.19e-01 -1.18e-01  0.00e+00  3.98e+01 
 13300| 5.64e-05  5.06e-06  5.90e-04 -1.19e-01 -1.18e-01  0.00e+00  4.01e+01 
 13400| 5.59e-05  4.89e-06  5.70e-04 -1.19e-01 -1.18e-01  0.00e+00  4.03e+01 
 13500| 5.55e-05  4.72e-06  5.50e-04 -1.19e-01 -1.18e-01  0.00e+00  4.05e+01 
 13600| 5.51e-05  4.56e-06  5.31e-04 -1.19e-01 -1.18e-01  0.00e+00  4.08e+01 
 13700| 5.47e-05  4.40e-06  5.13e-04 -1.19e-01 -1.18e-01  0.00e+00  4.10e+01 
 13800| 5.43e-05  4.25e-06  4.95e-04 -1.19e-01 -1.18e-01  0.00e+00  4.13e+01 
 13900| 5.39e-05  4.10e-06  4.78e-04 -1.19e-01 -1.18e-01  0.00e+00  4.15e+01 
 14000| 5.36e-05  3.96e-06  4.61e-04 -1.19e-01 -1.18e-01  0.00e+00  4.17e+01 
 14100| 5.33e-05  3.82e-06  4.45e-04 -1.19e-01 -1.18e-01  0.00e+00  4.20e+01 
 14200| 5.29e-05  3.69e-06  4.30e-04 -1.19e-01 -1.18e-01  0.00e+00  4.22e+01 
 14300| 5.26e-05  3.56e-06  4.15e-04 -1.19e-01 -1.18e-01  0.00e+00  4.24e+01 
 14400| 5.23e-05  3.44e-06  4.00e-04 -1.19e-01 -1.18e-01  0.00e+00  4.27e+01 
 14500| 5.20e-05  3.31e-06  3.86e-04 -1.19e-01 -1.18e-01  0.00e+00  4.29e+01 
 14600| 5.18e-05  3.20e-06  3.73e-04 -1.19e-01 -1.18e-01  0.00e+00  4.31e+01 
 14700| 5.15e-05  3.09e-06  3.59e-04 -1.19e-01 #SOLVERNAME# SCS
#SOLVER# SCS.SCSSolver(Any[(:verbose, 1), (:eps, 0.0001), (:max_iters, 50000)])
#INSTANCE# _1.499548885052523e9.cbf.gz
#TIMELIMIT# 300.0
#ERROR# MethodError(MathProgBase.SolverInterface.getsolvetime, (SCS.SCSMathProgModel(712, 330, 592, 330, 
  [1  ,   1]  =  -0.382059
  [2  ,   1]  =  -0.00344196
  [3  ,   1]  =  -0.0293223
  [4  ,   1]  =  -0.0091853
  [5  ,   1]  =  -0.0078967
  [6  ,   1]  =  -0.00545691
  [7  ,   1]  =  -0.0153439
  [8  ,   1]  =  -0.00959039
  [9  ,   1]  =  -0.0378089
  [10 ,   1]  =  -0.0204477
  [11 ,   1]  =  0.0140181
  [12 ,   1]  =  -0.00943645
  [13 ,   1]  =  0.000601604
  [14 ,   1]  =  -0.00728193
  [15 ,   1]  =  -0.00480922
  [16 ,   1]  =  -0.0278227
  [17 ,   1]  =  -0.0103587
  [18 ,   1]  =  0.000871835
  [19 ,   1]  =  -0.00408971
  [20 ,   1]  =  -0.031891
  [21 ,   1]  =  -0.163293
  [22 ,   1]  =  0.00523095
  [23 ,   1]  =  -0.0145921
  [24 ,   1]  =  -0.0232689
  [25 ,   1]  =  0.00229756
  [121,   1]  =  1.0
  [122,   1]  =  1.0
  [245,   1]  =  -1.0
  [1  ,   2]  =  -0.00344196
  [2  ,   2]  =  -0.126804
  [3  ,   2]  =  -0.0112078
  [4  ,   2]  =  -0.0090899
  [5  ,   2]  =  -0.01514
  [6  ,   2]  =  -0.00239467
  [7  ,   2]  =  -0.00999598
  [8  ,   2]  =  -0.0120484
  [9  ,   2]  =  -0.00612316
  [10 ,   2]  =  -0.0177785
  [11 ,   2]  =  -0.00279279
  [12 ,   2]  =  -0.00850507
  [13 ,   2]  =  -0.00861918
  [14 ,   2]  =  -0.00178186
  [15 ,   2]  =  -0.00839405
  [16 ,   2]  =  -0.00972896
  [17 ,   2]  =  -0.00637195
  [18 ,   2]  =  -0.00828344
  [19 ,   2]  =  -0.0171719
  [20 ,   2]  =  -0.005804
  [21 ,   2]  =  -0.00670202
  [22 ,   2]  =  -0.0165772
  [23 ,   2]  =  -0.00322778
  [24 ,   2]  =  -0.0128624
  [25 ,   2]  =  -0.00695662
  [121,   2]  =  1.0
  [123,   2]  =  1.0
  [246,   2]  =  -1.0
  [1  ,   3]  =  -0.0293223
  [2  ,   3]  =  -0.0112078
  [3  ,   3]  =  -0.13671
  [4  ,   3]  =  -1.72338e-5
  [5  ,   3]  =  -0.0119435
  [6  ,   3]  =  -0.0149761
  [7  ,   3]  =  -0.00426559
  [8  ,   3]  =  0.00502401
  [9  ,   3]  =  -0.0348701
  [10 ,   3]  =  -0.0259936
  [11 ,   3]  =  0.0039109
  [12 ,   3]  =  -0.0033409
  [13 ,   3]  =  -0.00471699
  [14 ,   3]  =  -0.00770642
  [15 ,   3]  =  -0.0137468
  [16 ,   3]  =  -0.0107691
  [17 ,   3]  =  -0.0128779
  [18 ,   3]  =  -0.00596158
  [19 ,   3]  =  -0.00615828
  [20 ,   3]  =  -0.0120902
  [21 ,   3]  =  -0.0150126
  [22 ,   3]  =  -0.0120018
  [23 ,   3]  =  -0.00810374
  [24 ,   3]  =  -0.0216586
  [25 ,   3]  =  -0.0157035
  [121,   3]  =  1.0
  [124,   3]  =  1.0
  [247,   3]  =  -1.0
  [1  ,   4]  =  -0.0091853
  [2  ,   4]  =  -0.0090899
  [3  ,   4]  =  -1.72338e-5
  [4  ,   4]  =  -0.294166
  [5  ,   4]  =  -0.00858903
  [6  ,   4]  =  -0.0225567
  [7  ,   4]  =  -0.0238312
  [8  ,   4]  =  -0.0133327
  [9  ,   4]  =  -0.0038266
  [10 ,   4]  =  -0.0146222
  [11 ,   4]  =  -0.0306592
  [12 ,   4]  =  -0.0279849
  [13 ,   4]  =  -0.00158694
  [14 ,   4]  =  -0.034214
  [15 ,   4]  =  -0.0109955
  [16 ,   4]  =  -0.0445035
  [17 ,   4]  =  0.00552673
  [18 ,   4]  =  -0.0155436
  [19 ,   4]  =  0.00749906
  [20 ,   4]  =  -0.0175485
  [21 ,   4]  =  -0.00922743
  [22 ,   4]  =  -0.0175486
  [23 ,   4]  =  -0.0249138
  [24 ,   4]  =  -0.0103085
  [25 ,   4]  =  -0.0112797
  [121,   4]  =  1.0
  [125,   4]  =  1.0
  [248,   4]  =  -1.0
  [1  ,   5]  =  -0.0078967
  [2  ,   5]  =  -0.01514
  [3  ,   5]  =  -0.0119435
  [4  ,   5]  =  -0.00858903
  [5  ,   5]  =  -0.182587
  [6  ,   5]  =  -0.0168653
  [7  ,   5]  =  -0.00762231
  [8  ,   5]  =  -0.0100277
  [9  ,   5]  =  -0.00739853
  [10 ,   5]  =  -0.0126709
  [11 ,   5]  =  -0.00730792
  [12 ,   5]  =  -0.0245528
  [13 ,   5]  =  -0.00652324
  [14 ,   5]  =  -0.0190377
  [15 ,   5]  =  -0.00850833
  [16 ,   5]  =  -0.0164941
  [17 ,   5]  =  0.022901
  [18 ,   5]  =  -0.00837686
  [19 ,   5]  =  -0.0190672
  [20 ,   5]  =  -0.0347752
  [21 ,   5]  =  -0.0124953
  [22 ,   5]  =  -0.0106958
  [23 ,   5]  =  -0.0117701
  [24 ,   5]  =  -0.0151978
  [25 ,   5]  =  -0.0103801
  [121,   5]  =  1.0
  [126,   5]  =  1.0
  [249,   5]  =  -1.0
  [1  ,   6]  =  -0.00545691
  [2  ,   6]  =  -0.00239467
  [3  ,   6]  =  -0.0149761
  [4  ,   6]  =  -0.0225567
  [5  ,   6]  =  -0.0168653
  [6  ,   6]  =  -0.278767
  [7  ,   6]  =  -0.00966251
  [8  ,   6]  =  -0.00964022
  [9  ,   6]  =  -0.0158397
  [10 ,   6]  =  -0.0339155
  [11 ,   6]  =  -0.0229487
  [12 ,   6]  =  -0.0164724
  [13 ,   6]  =  -0.00617554
  [14 ,   6]  =  -0.00850447
  [15 ,   6]  =  -0.0377356
  [16 ,   6]  =  -0.0188628
  [17 ,   6]  =  0.00810211
  [18 ,   6]  =  -0.00395672
  [19 ,   6]  =  -0.0245474
  [20 ,   6]  =  -0.00921832
  [21 ,   6]  =  -0.011331
  [22 ,   6]  =  -0.00585968
  [23 ,   6]  =  -0.0343554
  [24 ,   6]  =  0.0103572
  [25 ,   6]  =  -0.00630028
  [121,   6]  =  1.0
  [127,   6]  =  1.0
  [250,   6]  =  -1.0
  [1  ,   7]  =  -0.0153439
  [2  ,   7]  =  -0.00999598
  [3  ,   7]  =  -0.00426559
  [4  ,   7]  =  -0.0238312
  [5  ,   7]  =  -0.00762231
  [6  ,   7]  =  -0.00966251
  [7  ,   7]  =  -0.219571
  [8  ,   7]  =  -0.0188224
  [9  ,   7]  =  -0.00769265
  [10 ,   7]  =  -0.0182154
  [11 ,   7]  =  -0.0223618
  [12 ,   7]  =  -0.0276324
  [13 ,   7]  =  -0.00311424
  [14 ,   7]  =  -0.00947889
  [15 ,   7]  =  -0.0138412
  [16 ,   7]  =  -0.0337246
  [17 ,   7]  =  -0.0322581
  [18 ,   7]  =  -0.00833949
  [19 ,   7]  =  -0.00928979
  [20 ,   7]  =  0.00181398
  [21 ,   7]  =  -0.00330827
  [22 ,   7]  =  -0.00938486
  [23 ,   7]  =  -0.0162212
  [24 ,   7]  =  -0.0125524
  [25 ,   7]  =  -0.024563
  [121,   7]  =  1.0
  [128,   7]  =  1.0
  [251,   7]  =  -1.0
  [1  ,   8]  =  -0.00959039
  [2  ,   8]  =  -0.0120484
  [3  ,   8]  =  0.00502401
  [4  ,   8]  =  -0.0133327
  [5  ,   8]  =  -0.0100277
  [6  ,   8]  =  -0.00964022
  [7  ,   8]  =  -0.0188224
  [8  ,   8]  =  -0.424505
  [9  ,   8]  =  0.00263728
  [10 ,   8]  =  -0.00569998
  [11 ,   8]  =  -0.0194155
  [12 ,   8]  =  -0.00428972
  [13 ,   8]  =  -0.00411882
  [14 ,   8]  =  -0.00817086
  [15 ,   8]  =  0.00523922
  [16 ,   8]  =  -0.0132361
  [17 ,   8]  =  -0.0383889
  [18 ,   8]  =  -0.00269109
  [19 ,   8]  =  -0.0292139
  [20 ,   8]  =  -0.0149068
  [21 ,   8]  =  0.00903793
  [22 ,   8]  =  -0.0104575
  [23 ,   8]  =  0.00346828
  [24 ,   8]  =  0.0142098
  [25 ,   8]  =  -0.0313429
  [121,   8]  =  1.0
  [129,   8]  =  1.0
  [252,   8]  =  -1.0
  [1  ,   9]  =  -0.0378089
  [2  ,   9]  =  -0.00612316
  [3  ,   9]  =  -0.0348701
  [4  ,   9]  =  -0.0038266
  [5  ,   9]  =  -0.00739853
  [6  ,   9]  =  -0.0158397
  [7  ,   9]  =  -0.00769265
  [8  ,   9]  =  0.00263728
  [9  ,   9]  =  -0.22254
  [10 ,   9]  =  -0.0161321
  [11 ,   9]  =  -0.00340176
  [12 ,   9]  =  -0.0125987
  [13 ,   9]  =  -0.00890351
  [14 ,   9]  =  -0.0094679
  [15 ,   9]  =  -0.0147506
  [16 ,   9]  =  -0.00410573
  [17 ,   9]  =  -0.0260196
  [18 ,   9]  =  -0.0150862
  [19 ,   9]  =  0.00203211
  [20 ,   9]  =  -0.00935168
  [21 ,   9]  =  -0.0441543
  [22 ,   9]  =  -0.0184091
  [23 ,   9]  =  0.0232945
  [24 ,   9]  =  -0.0533512
  [25 ,   9]  =  -0.00326792
  [121,   9]  =  1.0
  [130,   9]  =  1.0
  [253,   9]  =  -1.0
  [1  ,  10]  =  -0.0204477
  [2  ,  10]  =  -0.0177785
  [3  ,  10]  =  -0.0259936
  [4  ,  10]  =  -0.0146222
  [5  ,  10]  =  -0.0126709
  [6  ,  10]  =  -0.0339155
  [7  ,  10]  =  -0.0182154
  [8  ,  10]  =  -0.00569998
  [9  ,  10]  =  -0.0161321
  [10 ,  10]  =  -0.207599
  [11 ,  10]  =  -0.00685345
  [12 ,  10]  =  -0.009582
  [13 ,  10]  =  -0.019167
  [14 ,  10]  =  -0.0149664
  [15 ,  10]  =  -0.0641596
  [16 ,  10]  =  -0.0146802
  [17 ,  10]  =  -0.0168166
  [18 ,  10]  =  -0.0184649
  [19 ,  10]  =  -0.0210363
  [20 ,  10]  =  -0.0286382
  [21 ,  10]  =  -0.0134557
  [22 ,  10]  =  -0.0126471
  [23 ,  10]  =  0.010228
  [24 ,  10]  =  -0.0184157
  [25 ,  10]  =  -0.0463801
  [121,  10]  =  1.0
  [131,  10]  =  1.0
  [254,  10]  =  -1.0
  [1  ,  11]  =  0.0140181
  [2  ,  11]  =  -0.00279279
  [3  ,  11]  =  0.0039109
  [4  ,  11]  =  -0.0306592
  [5  ,  11]  =  -0.00730792
  [6  ,  11]  =  -0.0229487
  [7  ,  11]  =  -0.0223618
  [8  ,  11]  =  -0.0194155
  [9  ,  11]  =  -0.00340176
  [10 ,  11]  =  -0.00685345
  [11 ,  11]  =  -0.444719
  [12 ,  11]  =  -0.0144689
  [13 ,  11]  =  -0.00516637
  [14 ,  11]  =  0.00457845
  [15 ,  11]  =  0.000673909
  [16 ,  11]  =  -0.0962949
  [17 ,  11]  =  -0.00544817
  [18 ,  11]  =  0.0153468
  [19 ,  11]  =  -0.024858
  [20 ,  11]  =  -0.0275507
  [21 ,  11]  =  0.00639212
  [22 ,  11]  =  -0.0124815
  [23 ,  11]  =  -0.00998242
  [24 ,  11]  =  -0.0102677
  [25 ,  11]  =  0.000123426
  [121,  11]  =  1.0
  [132,  11]  =  1.0
  [255,  11]  =  -1.0
  [1  ,  12]  =  -0.00943645
  [2  ,  12]  =  -0.00850507
  [3  ,  12]  =  -0.0033409
  [4  ,  12]  =  -0.0279849
  [5  ,  12]  =  -0.0245528
  [6  ,  12]  =  -0.0164724
  [7  ,  12]  =  -0.0276324
  [8  ,  12]  =  -0.00428972
  [9  ,  12]  =  -0.0125987
  [10 ,  12]  =  -0.009582
  [11 ,  12]  =  -0.0144689
  [12 ,  12]  =  -0.286847
  [13 ,  12]  =  -0.013929
  [14 ,  12]  =  -0.0148812
  [15 ,  12]  =  -0.00741337
  [16 ,  12]  =  -0.0353848
  [17 ,  12]  =  0.0115343
  [18 ,  12]  =  0.000800436
  [19 ,  12]  =  -0.0319588
  [20 ,  12]  =  -0.0362106
  [21 ,  12]  =  -0.0157518
  [22 ,  12]  =  -0.00732345
  [23 ,  12]  =  -0.0168588
  [24 ,  12]  =  -0.0418978
  [25 ,  12]  =  -0.027174
  [121,  12]  =  1.0
  [133,  12]  =  1.0
  [256,  12]  =  -1.0
  [1  ,  13]  =  0.000601604
  [2  ,  13]  =  -0.00861918
  [3  ,  13]  =  -0.00471699
  [4  ,  13]  =  -0.00158694
  [5  ,  13]  =  -0.00652324
  [6  ,  13]  =  -0.00617554
  [7  ,  13]  =  -0.00311424
  [8  ,  13]  =  -0.00411882
  [9  ,  13]  =  -0.00890351
  [10 ,  13]  =  -0.019167
  [11 ,  13]  =  -0.00516637
  [12 ,  13]  =  -0.013929
  [13 ,  13]  =  -0.098622
  [14 ,  13]  =  -0.00704498
  [15 ,  13]  =  -0.0113672
  [16 ,  13]  =  -0.0045549
  [17 ,  13]  =  -0.00634384
  [18 ,  13]  =  -0.00775924
  [19 ,  13]  =  -0.0059661
  [20 ,  13]  =  -0.0068825
  [21 ,  13]  =  0.00106611
  [22 ,  13]  =  -0.0132402
  [23 ,  13]  =  -0.00166562
  [24 ,  13]  =  -0.0042471
  [25 ,  13]  =  -0.00785624
  [121,  13]  =  1.0
  [134,  13]  =  1.0
  [257,  13]  =  -1.0
  [1  ,  14]  =  -0.00728193
  [2  ,  14]  =  -0.00178186
  [3  ,  14]  =  -0.00770642
  [4  ,  14]  =  -0.034214
  [5  ,  14]  =  -0.0190377
  [6  ,  14]  =  -0.00850447
  [7  ,  14]  =  -0.00947889
  [8  ,  14]  =  -0.00817086
  [9  ,  14]  =  -0.0094679
  [10 ,  14]  =  -0.0149664
  [11 ,  14]  =  0.00457845
  [12 ,  14]  =  -0.0148812
  [13 ,  14]  =  -0.00704498
  [14 ,  14]  =  -1.44641
  [15 ,  14]  =  -0.0126133
  [16 ,  14]  =  -0.0234904
  [17 ,  14]  =  -0.032819
  [18 ,  14]  =  0.00216113
  [19 ,  14]  =  -0.0130345
  [20 ,  14]  =  -0.0270095
  [21 ,  14]  =  -0.01146
  [22 ,  14]  =  -0.019341
  [23 ,  14]  =  -0.0224652
  [24 ,  14]  =  -0.00926414
  [25 ,  14]  =  -0.0273102
  [121,  14]  =  1.0
  [135,  14]  =  1.0
  [258,  14]  =  -1.0
  [1  ,  15]  =  -0.00480922
  [2  ,  15]  =  -0.00839405
  [3  ,  15]  =  -0.0137468
  [4  ,  15]  =  -0.0109955
  [5  ,  15]  =  -0.00850833
  [6  ,  15]  =  -0.0377356
  [7  ,  15]  =  -0.0138412
  [8  ,  15]  =  0.00523922
  [9  ,  15]  =  -0.0147506
  [10 ,  15]  =  -0.0641596
  [11 ,  15]  =  0.000673909
  [12 ,  15]  =  -0.00741337
  [13 ,  15]  =  -0.0113672
  [14 ,  15]  =  -0.0126133
  [15 ,  15]  =  -0.172052
  [16 ,  15]  =  -0.0240407
  [17 ,  15]  =  -0.00812913
  [18 ,  15]  =  0.000112254
  [19 ,  15]  =  -0.0175644
  [20 ,  15]  =  -0.0295327
  [21 ,  15]  =  -0.0109734
  [22 ,  15]  =  -0.00864129
  [23 ,  15]  =  -0.00833792
  [24 ,  15]  =  -0.0143402
  [25 ,  15]  =  -0.0284488
  [121,  15]  =  1.0
  [136,  15]  =  1.0
  [259,  15]  =  -1.0
  [1  ,  16]  =  -0.0278227
  [2  ,  16]  =  -0.00972896
  [3  ,  16]  =  -0.0107691
  [4  ,  16]  =  -0.0445035
  [5  ,  16]  =  -0.0164941
  [6  ,  16]  =  -0.0188628
  [7  ,  16]  =  -0.0337246
  [8  ,  16]  =  -0.0132361
  [9  ,  16]  =  -0.00410573
  [10 ,  16]  =  -0.0146802
  [11 ,  16]  =  -0.0962949
  [12 ,  16]  =  -0.0353848
  [13 ,  16]  =  -0.0045549
  [14 ,  16]  =  -0.0234904
  [15 ,  16]  =  -0.0240407
  [16 ,  16]  =  -0.493119
  [17 ,  16]  =  0.00952027
  [18 ,  16]  =  -0.0108637
  [19 ,  16]  =  -0.02341
  [20 ,  16]  =  -0.0137932
  [21 ,  16]  =  -0.0515742
  [22 ,  16]  =  -0.0206403
  [23 ,  16]  =  -0.0085681
  [24 ,  16]  =  0.00810588
  [25 ,  16]  =  -0.0400663
  [121,  16]  =  1.0
  [137,  16]  =  1.0
  [260,  16]  =  -1.0
  [1  ,  17]  =  -0.0103587
  [2  ,  17]  =  -0.00637195
  [3  ,  17]  =  -0.0128779
  [4  ,  17]  =  0.00552673
  [5  ,  17]  =  0.022901
  [6  ,  17]  =  0.00810211
  [7  ,  17]  =  -0.0322581
  [8  ,  17]  =  -0.0383889
  [9  ,  17]  =  -0.0260196
  [10 ,  17]  =  -0.0168166
  [11 ,  17]  =  -0.00544817
  [12 ,  17]  =  0.0115343
  [13 ,  17]  =  -0.00634384
  [14 ,  17]  =  -0.032819
  [15 ,  17]  =  -0.00812913
  [16 ,  17]  =  0.00952027
  [17 ,  17]  =  -0.972811
  [18 ,  17]  =  -0.0228778
  [19 ,  17]  =  -0.0244164
  [20 ,  17]  =  -0.00257068
  [21 ,  17]  =  -0.0192631
  [22 ,  17]  =  -0.0020412
  [23 ,  17]  =  0.00896314
  [24 ,  17]  =  -0.06767
  [25 ,  17]  =  -0.00687195
  [121,  17]  =  1.0
  [138,  17]  =  1.0
  [261,  17]  =  -1.0
  [1  ,  18]  =  0.000871835
  [2  ,  18]  =  -0.00828344
  [3  ,  18]  =  -0.00596158
  [4  ,  18]  =  -0.0155436
  [5  ,  18]  =  -0.00837686
  [6  ,  18]  =  -0.00395672
  [7  ,  18]  =  -0.00833949
  [8  ,  18]  =  -0.00269109
  [9  ,  18]  =  -0.0150862
  [10 ,  18]  =  -0.0184649
  [11 ,  18]  =  0.0153468
  [12 ,  18]  =  0.000800436
  [13 ,  18]  =  -0.00775924
  [14 ,  18]  =  0.00216113
  [15 ,  18]  =  0.000112254
  [16 ,  18]  =  -0.0108637
  [17 ,  18]  =  -0.0228778
  [18 ,  18]  =  -0.382689
  [19 ,  18]  =  -0.0088647
  [20 ,  18]  =  -0.0103681
  [21 ,  18]  =  -2.25107e-5
  [22 ,  18]  =  0.00139008
  [23 ,  18]  =  -0.00152961
  [24 ,  18]  =  -0.06255
  [25 ,  18]  =  -0.0145963
  [121,  18]  =  1.0
  [139,  18]  =  1.0
  [262,  18]  =  -1.0
  [1  ,  19]  =  -0.00408971
  [2  ,  19]  =  -0.0171719
  [3  ,  19]  =  -0.00615828
  [4  ,  19]  =  0.00749906
  [5  ,  19]  =  -0.0190672
  [6  ,  19]  =  -0.0245474
  [7  ,  19]  =  -0.00928979
  [8  ,  19]  =  -0.0292139
  [9  ,  19]  =  0.00203211
  [10 ,  19]  =  -0.0210363
  [11 ,  19]  =  -0.024858
  [12 ,  19]  =  -0.0319588
  [13 ,  19]  =  -0.0059661
  [14 ,  19]  =  -0.0130345
  [15 ,  19]  =  -0.0175644
  [16 ,  19]  =  -0.02341
  [17 ,  19]  =  -0.0244164
  [18 ,  19]  =  -0.0088647
  [19 ,  19]  =  -0.242354
  [20 ,  19]  =  -0.0186346
  [21 ,  19]  =  -0.00535423
  [22 ,  19]  =  -0.0171124
  [23 ,  19]  =  -0.0208538
  [24 ,  19]  =  -0.0281754
  [25 ,  19]  =  -0.0173292
  [121,  19]  =  1.0
  [140,  19]  =  1.0
  [263,  19]  =  -1.0
  [1  ,  20]  =  -0.031891
  [2  ,  20]  =  -0.005804
  [3  ,  20]  =  -0.0120902
  [4  ,  20]  =  -0.0175485
  [5  ,  20]  =  -0.0347752
  [6  ,  20]  =  -0.00921832
  [7  ,  20]  =  0.00181398
  [8  ,  20]  =  -0.0149068
  [9  ,  20]  =  -0.00935168
  [10 ,  20]  =  -0.0286382
  [11 ,  20]  =  -0.0275507
  [12 ,  20]  =  -0.0362106
  [13 ,  20]  =  -0.0068825
  [14 ,  20]  =  -0.0270095
  [15 ,  20]  =  -0.0295327
  [16 ,  20]  =  -0.0137932
  [17 ,  20]  =  -0.00257068
  [18 ,  20]  =  -0.0103681
  [19 ,  20]  =  -0.0186346
  [20 ,  20]  =  -0.707678
  [21 ,  20]  =  -0.0376767
  [22 ,  20]  =  -0.0200062
  [23 ,  20]  =  -0.0273903
  [24 ,  20]  =  0.00275139
  [25 ,  20]  =  -0.0319531
  [121,  20]  =  1.0
  [141,  20]  =  1.0
  [264,  20]  =  -1.0
  [1  ,  21]  =  -0.163293
  [2  ,  21]  =  -0.00670202
  [3  ,  21]  =  -0.0150126
  [4  ,  21]  =  -0.00922743
  [5  ,  21]  =  -0.0124953
  [6  ,  21]  =  -0.011331
  [7  ,  21]  =  -0.00330827
  [8  ,  21]  =  0.00903793
  [9  ,  21]  =  -0.0441543
  [10 ,  21]  =  -0.0134557
  [11 ,  21]  =  0.00639212
  [12 ,  21]  =  -0.0157518
  [13 ,  21]  =  0.00106611
  [14 ,  21]  =  -0.01146
  [15 ,  21]  =  -0.0109734
  [16 ,  21]  =  -0.0515742
  [17 ,  21]  =  -0.0192631
  [18 ,  21]  =  -2.25107e-5
  [19 ,  21]  =  -0.00535423
  [20 ,  21]  =  -0.0376767
  [21 ,  21]  =  -0.50266
  [22 ,  21]  =  0.00707849
  [23 ,  21]  =  -0.0217018
  [24 ,  21]  =  -0.0129771
  [25 ,  21]  =  0.00594268
  [121,  21]  =  1.0
  [142,  21]  =  1.0
  [265,  21]  =  -1.0
  [1  ,  22]  =  0.00523095
  [2  ,  22]  =  -0.0165772
  [3  ,  22]  =  -0.0120018
  [4  ,  22]  =  -0.0175486
  [5  ,  22]  =  -0.0106958
  [6  ,  22]  =  -0.00585968
  [7  ,  22]  =  -0.00938486
  [8  ,  22]  =  -0.0104575
  [9  ,  22]  =  -0.0184091
  [10 ,  22]  =  -0.0126471
  [11 ,  22]  =  -0.0124815
  [12 ,  22]  =  -0.00732345
  [13 ,  22]  =  -0.0132402
  [14 ,  22]  =  -0.019341
  [15 ,  22]  =  -0.00864129
  [16 ,  22]  =  -0.0206403
  [17 ,  22]  =  -0.0020412
  [18 ,  22]  =  0.00139008
  [19 ,  22]  =  -0.0171124
  [20 ,  22]  =  -0.0200062
  [21 ,  22]  =  0.00707849
  [22 ,  22]  =  -0.260133
  [23 ,  22]  =  -0.00286274
  [24 ,  22]  =  -0.00380039
  [25 ,  22]  =  -0.0205396
  [121,  22]  =  1.0
  [143,  22]  =  1.0
  [266,  22]  =  -1.0
  [1  ,  23]  =  -0.0145921
  [2  ,  23]  =  -0.00322778
  [3  ,  23]  =  -0.00810374
  [4  ,  23]  =  -0.0249138
  [5  ,  23]  =  -0.0117701
  [6  ,  23]  =  -0.0343554
  [7  ,  23]  =  -0.0162212
  [8  ,  23]  =  0.00346828
  [9  ,  23]  =  0.0232945
  [10 ,  23]  =  0.010228
  [11 ,  23]  =  -0.00998242
  [12 ,  23]  =  -0.0168588
  [13 ,  23]  =  -0.00166562
  [14 ,  23]  =  -0.0224652
  [15 ,  23]  =  -0.00833792
  [16 ,  23]  =  -0.0085681
  [17 ,  23]  =  0.00896314
  [18 ,  23]  =  -0.00152961
  [19 ,  23]  =  -0.0208538
  [20 ,  23]  =  -0.0273903
  [21 ,  23]  =  -0.0217018
  [22 ,  23]  =  -0.00286274
  [23 ,  23]  =  -0.413182
  [24 ,  23]  =  0.0204987
  [25 ,  23]  =  -0.0184752
  [121,  23]  =  1.0
  [144,  23]  =  1.0
  [267,  23]  =  -1.0
  [1  ,  24]  =  -0.0232689
  [2  ,  24]  =  -0.0128624
  [3  ,  24]  =  -0.0216586
  [4  ,  24]  =  -0.0103085
  [5  ,  24]  =  -0.0151978
  [6  ,  24]  =  0.0103572
  [7  ,  24]  =  -0.0125524
  [8  ,  24]  =  0.0142098
  [9  ,  24]  =  -0.0533512
  [10 ,  24]  =  -0.0184157
  [11 ,  24]  =  -0.0102677
  [12 ,  24]  =  -0.0418978
  [13 ,  24]  =  -0.0042471
  [14 ,  24]  =  -0.00926414
  [15 ,  24]  =  -0.0143402
  [16 ,  24]  =  0.00810588
  [17 ,  24]  =  -0.06767
  [18 ,  24]  =  -0.06255
  [19 ,  24]  =  -0.0281754
  [20 ,  24]  =  0.00275139
  [21 ,  24]  =  -0.0129771
  [22 ,  24]  =  -0.00380039
  [23 ,  24]  =  0.0204987
  [24 ,  24]  =  -0.41032
  [25 ,  24]  =  -0.0257373
  [121,  24]  =  1.0
  [145,  24]  =  1.0
  [268,  24]  =  -1.0
  [1  ,  25]  =  0.00229756
  [2  ,  25]  =  -0.00695662
  [3  ,  25]  =  -0.0157035
  [4  ,  25]  =  -0.0112797
  [5  ,  25]  =  -0.0103801
  [6  ,  25]  =  -0.00630028
  [7  ,  25]  =  -0.024563
  [8  ,  25]  =  -0.0313429
  [9  ,  25]  =  -0.00326792
  [10 ,  25]  =  -0.0463801
  [11 ,  25]  =  0.000123426
  [12 ,  25]  =  -0.027174
  [13 ,  25]  =  -0.00785624
  [14 ,  25]  =  -0.0273102
  [15 ,  25]  =  -0.0284488
  [16 ,  25]  =  -0.0400663
  [17 ,  25]  =  -0.00687195
  [18 ,  25]  =  -0.0145963
  [19 ,  25]  =  -0.0173292
  [20 ,  25]  =  -0.0319531
  [21 ,  25]  =  0.00594268
  [22 ,  25]  =  -0.0205396
  [23 ,  25]  =  -0.0184752
  [24 ,  25]  =  -0.0257373
  [25 ,  25]  =  -0.277719
  [121,  25]  =  1.0
  [146,  25]  =  1.0
  [269,  25]  =  -1.0
  [26 ,  26]  =  -0.345275
  [27 ,  26]  =  -0.0183252
  [28 ,  26]  =  -0.0147717
  [29 ,  26]  =  -0.028886
  [30 ,  26]  =  -0.0508563
  [31 ,  26]  =  -0.00264845
  [32 ,  26]  =  -0.00846529
  [33 ,  26]  =  -0.0146774
  [34 ,  26]  =  -0.0106538
  [35 ,  26]  =  -0.000433609
  [36 ,  26]  =  -0.0145839
  [37 ,  26]  =  -0.0141111
  [38 ,  26]  =  -0.0155364
  [39 ,  26]  =  -0.0276521
  [40 ,  26]  =  -0.0283485
  [41 ,  26]  =  -0.0213687
  [42 ,  26]  =  -0.00495115
  [43 ,  26]  =  -0.0152714
  [44 ,  26]  =  -0.0346285
  [45 ,  26]  =  0.000275784
  [46 ,  26]  =  -0.00278334
  [47 ,  26]  =  -0.0051255
  [48 ,  26]  =  -0.00128227
  [49 ,  26]  =  -0.010869
  [50 ,  26]  =  -0.00744832
  [121,  26]  =  1.0
  [147,  26]  =  1.0
  [270,  26]  =  -1.0
  [26 ,  27]  =  -0.0183252
  [27 ,  27]  =  -0.151401
  [28 ,  27]  =  -0.0144017
  [29 ,  27]  =  -0.00403152
  [30 ,  27]  =  -0.0123439
  [31 ,  27]  =  -0.0219499
  [32 ,  27]  =  -0.00215438
  [33 ,  27]  =  -0.00949275
  [34 ,  27]  =  -0.033232
  [35 ,  27]  =  -0.00769741
  [36 ,  27]  =  -0.0190307
  [37 ,  27]  =  -0.0112862
  [38 ,  27]  =  0.0183504
  [39 ,  27]  =  -0.0304351
  [40 ,  27]  =  -0.013207
  [41 ,  27]  =  -0.00410661
  [42 ,  27]  =  -0.00395667
  [43 ,  27]  =  -0.0262355
  [44 ,  27]  =  -0.00389537
  [45 ,  27]  =  0.00312974
  [46 ,  27]  =  -0.00949432
  [47 ,  27]  =  -0.00229357
  [48 ,  27]  =  -0.0123341
  [49 ,  27]  =  -0.00856645
  [50 ,  27]  =  -0.0236538
  [121,  27]  =  1.0
  [148,  27]  =  1.0
  [271,  27]  =  -1.0
  [26 ,  28]  =  -0.0147717
  [27 ,  28]  =  -0.0144017
  [28 ,  28]  =  -0.152799
  [29 ,  28]  =  -0.0127269
  [30 ,  28]  =  -0.00911797
  [31 ,  28]  =  -0.0150598
  [32 ,  28]  =  -0.00143371
  [33 ,  28]  =  -0.0436578
  [34 ,  28]  =  0.000731559
  [35 ,  28]  =  -0.0220343
  [36 ,  28]  =  -0.0284581
  [37 ,  28]  =  -0.00861562
  [38 ,  28]  =  -0.00152122
  [39 ,  28]  =  -0.0164647
  [40 ,  28]  =  -0.015137
  [41 ,  28]  =  -0.0109997
  [42 ,  28]  =  -0.0152839
  [43 ,  28]  =  -0.0336284
  [44 ,  28]  =  -0.00799481
  [45 ,  28]  =  -0.00300486
  [46 ,  28]  =  -0.0149678
  [47 ,  28]  =  -0.00671843
  [48 ,  28]  =  -0.0101271
  [49 ,  28]  =  -0.013968
  [50 ,  28]  =  -0.00740055
  [121,  28]  =  1.0
  [149,  28]  =  1.0
  [272,  28]  =  -1.0
  [26 ,  29]  =  -0.028886
  [27 ,  29]  =  -0.00403152
  [28 ,  29]  =  -0.0127269
  [29 ,  29]  =  -0.301642
  [30 ,  29]  =  -0.0471397
  [31 ,  29]  =  -0.0017576
  [32 ,  29]  =  -0.00833842
  [33 ,  29]  =  -0.00711361
  [34 ,  29]  =  -0.000709041
  [35 ,  29]  =  -0.00560355
  [36 ,  29]  =  -0.0131259
  [37 ,  29]  =  -0.00341516
  [38 ,  29]  =  0.00252048
  [39 ,  29]  =  -0.0233456
  [40 ,  29]  =  -0.0153873
  [41 ,  29]  =  -0.00854588
  [42 ,  29]  =  0.00140153
  [43 ,  29]  =  -0.00701607
  [44 ,  29]  =  -0.0134879
  [45 ,  29]  =  0.0118889
  [46 ,  29]  =  -0.012862
  [47 ,  29]  =  -0.00703955
  [48 ,  29]  =  -0.00046058
  [49 ,  29]  =  -0.00725722
  [50 ,  29]  =  -0.018095
  [121,  29]  =  1.0
  [150,  29]  =  1.0
  [273,  29]  =  -1.0
  [26 ,  30]  =  -0.0508563
  [27 ,  30]  =  -0.0123439
  [28 ,  30]  =  -0.00911797
  [29 ,  30]  =  -0.0471397
  [30 ,  30]  =  -2.23305
  [31 ,  30]  =  -0.00638432
  [32 ,  30]  =  -0.0137812
  [33 ,  30]  =  -0.00985055
  [34 ,  30]  =  -0.00600713
  [35 ,  30]  =  0.00546006
  [36 ,  30]  =  -0.012747
  [37 ,  30]  =  -0.00786921
  [38 ,  30]  =  -0.249192
  [39 ,  30]  =  -0.000569396
  [40 ,  30]  =  -0.0387106
  [41 ,  30]  =  -0.00642664
  [42 ,  30]  =  -0.00584555
  [43 ,  30]  =  -0.0241099
  [44 ,  30]  =  -0.14612
  [45 ,  30]  =  -0.0298416
  [46 ,  30]  =  -0.00298992
  [47 ,  30]  =  -0.00170835
  [48 ,  30]  =  -0.0175497
  [49 ,  30]  =  -0.0176237
  [50 ,  30]  =  0.0079462
  [121,  30]  =  1.0
  [151,  30]  =  1.0
  [274,  30]  =  -1.0
  [26 ,  31]  =  -0.00264845
  [27 ,  31]  =  -0.0219499
  [28 ,  31]  =  -0.0150598
  [29 ,  31]  =  -0.0017576
  [30 ,  31]  =  -0.00638432
  [31 ,  31]  =  -0.204756
  [32 ,  31]  =  -0.00584589
  [33 ,  31]  =  -0.0101601
  [34 ,  31]  =  0.00531973
  [35 ,  31]  =  0.00769079
  [36 ,  31]  =  -0.0140717
  [37 ,  31]  =  0.00011678
  [38 ,  31]  =  0.00643093
  [39 ,  31]  =  0.00160203
  [40 ,  31]  =  -0.0178048
  [41 ,  31]  =  -0.000608615
  [42 ,  31]  =  -0.0158102
  [43 ,  31]  =  -0.0115869
  [44 ,  31]  =  -0.00723336
  [45 ,  31]  =  -0.0124722
  [46 ,  31]  =  -0.00376865
  [47 ,  31]  =  -0.015965
  [48 ,  31]  =  -0.00489863
  [49 ,  31]  =  -0.00960791
  [50 ,  31]  =  -0.00604165
  [121,  31]  =  1.0
  [152,  31]  =  1.0
  [275,  31]  =  -1.0
  [26 ,  32]  =  -0.00846529
  [27 ,  32]  =  -0.00215438
  [28 ,  32]  =  -0.00143371
  [29 ,  32]  =  -0.00833842
  [30 ,  32]  =  -0.0137812
  [31 ,  32]  =  -0.00584589
  [32 ,  32]  =  -0.171892
  [33 ,  32]  =  -0.0047947
  [34 ,  32]  =  -0.00479995
  [35 ,  32]  =  -0.00614276
  [36 ,  32]  =  -0.0161701
  [37 ,  32]  =  -0.00341332
  [38 ,  32]  =  -0.00873459
  [39 ,  32]  =  -0.00622058
  [40 ,  32]  =  -0.0257894
  [41 ,  32]  =  -0.015435
  [42 ,  32]  =  -0.00969747
  [43 ,  32]  =  -0.0104826
  [44 ,  32]  =  -0.00544177
  [45 ,  32]  =  -0.00914824
  [46 ,  32]  =  -0.00928904
  [47 ,  32]  =  -0.013839
  [48 ,  32]  =  0.00595137
  [49 ,  32]  =  -0.0129844
  [50 ,  32]  =  -0.00439357
  [121,  32]  =  1.0
  [153,  32]  =  1.0
  [276,  32]  =  -1.0
  [26 ,  33]  =  -0.0146774
  [27 ,  33]  =  -0.00949275
  [28 ,  33]  =  -0.0436578
  [29 ,  33]  =  -0.00711361
  [30 ,  33]  =  -0.00985055
  [31 ,  33]  =  -0.0101601
  [32 ,  33]  =  -0.0047947
  [33 ,  33]  =  -0.373077
  [34 ,  33]  =  0.00397162
  [35 ,  33]  =  0.000427346
  [36 ,  33]  =  -0.00728249
  [37 ,  33]  =  -0.0104103
  [38 ,  33]  =  0.00526307
  [39 ,  33]  =  0.00892972
  [40 ,  33]  =  -0.0039815
  [41 ,  33]  =  -0.00143041
  [42 ,  33]  =  0.00943226
  [43 ,  33]  =  -0.00377954
  [44 ,  33]  =  -0.0210215
  [45 ,  33]  =  0.00718746
  [46 ,  33]  =  -0.0260654
  [47 ,  33]  =  -0.0102888
  [48 ,  33]  =  -0.00373599
  [49 ,  33]  =  -0.00128861
  [50 ,  33]  =  -0.0037421
  [121,  33]  =  1.0
  [154,  33]  =  1.0
  [277,  33]  =  -1.0
  [26 ,  34]  =  -0.0106538
  [27 ,  34]  =  -0.033232
  [28 ,  34]  =  0.000731559
  [29 ,  34]  =  -0.000709041
  [30 ,  34]  =  -0.00600713
  [31 ,  34]  =  0.00531973
  [32 ,  34]  =  -0.00479995
  [33 ,  34]  =  0.00397162
  [34 ,  34]  =  -0.473086
  [35 ,  34]  =  0.00456301
  [36 ,  34]  =  -0.00681214
  [37 ,  34]  =  -0.0138111
  [38 ,  34]  =  -0.0160171
  [39 ,  34]  =  -0.0339197
  [40 ,  34]  =  -0.0475236
  [41 ,  34]  =  -0.00947983
  [42 ,  34]  =  0.00555635
  [43 ,  34]  =  -0.0176047
  [44 ,  34]  =  -0.0105448
  [45 ,  34]  =  -0.0240312
  [46 ,  34]  =  -0.00997701
  [47 ,  34]  =  -0.0210935
  [48 ,  34]  =  -0.149599
  [49 ,  34]  =  -0.00611816
  [50 ,  34]  =  -0.00967042
  [121,  34]  =  1.0
  [155,  34]  =  1.0
  [278,  34]  =  -1.0
  [26 ,  35]  =  -0.000433609
  [27 ,  35]  =  -0.00769741
  [28 ,  35]  =  -0.0220343
  [29 ,  35]  =  -0.00560355
  [30 ,  35]  =  0.00546006
  [31 ,  35]  =  0.00769079
  [32 ,  35]  =  -0.00614276
  [33 ,  35]  =  0.000427346
  [34 ,  35]  =  0.00456301
  [35 ,  35]  =  -0.371702
  [36 ,  35]  =  -0.0152363
  [37 ,  35]  =  -0.0058637
  [38 ,  35]  =  0.00987221
  [39 ,  35]  =  -0.020958
  [40 ,  35]  =  -0.0122326
  [41 ,  35]  =  0.00345532
  [42 ,  35]  =  -0.00730726
  [43 ,  35]  =  -0.0126417
  [44 ,  35]  =  0.00533566
  [45 ,  35]  =  -0.00789741
  [46 ,  35]  =  0.00731841
  [47 ,  35]  =  -0.0113531
  [48 ,  35]  =  -0.0173578
  [49 ,  35]  =  -0.0147233
  [50 ,  35]  =  -0.0294662
  [121,  35]  =  1.0
  [156,  35]  =  1.0
  [279,  35]  =  -1.0
  [26 ,  36]  =  -0.0145839
  [27 ,  36]  =  -0.0190307
  [28 ,  36]  =  -0.0284581
  [29 ,  36]  =  -0.0131259
  [30 ,  36]  =  -0.012747
  [31 ,  36]  =  -0.0140717
  [32 ,  36]  =  -0.0161701
  [33 ,  36]  =  -0.00728249
  [34 ,  36]  =  -0.00681214
  [35 ,  36]  =  -0.0152363
  [36 ,  36]  =  -0.150969
  [37 ,  36]  =  -0.0113978
  [38 ,  36]  =  0.000602438
  [39 ,  36]  =  -0.00661356
  [40 ,  36]  =  -0.00957719
  [41 ,  36]  =  0.000233078
  [42 ,  36]  =  -0.00259675
  [43 ,  36]  =  -0.039421
  [44 ,  36]  =  -0.00391537
