#SOLVERNAME# SCS
#SOLVER# SCS.SCSSolver(Any[(:verbose, 1), (:eps, 0.0001), (:max_iters, 50000)])
#INSTANCE# _1.499548546246646e9.cbf.gz
#TIMELIMIT# 300.0
#ERROR# MethodError(MathProgBase.SolverInterface.getsolvetime, (SCS.SCSMathProgModel(607, 300, 457, 300, 
  [1  ,   1]  =  -0.185322
  [2  ,   1]  =  -0.00858285
  [3  ,   1]  =  -0.0186047
  [4  ,   1]  =  0.00742211
  [5  ,   1]  =  -0.0104342
  [6  ,   1]  =  -0.0127321
  [7  ,   1]  =  -0.00905039
  [8  ,   1]  =  0.0012555
  [9  ,   1]  =  -0.00162487
  [10 ,   1]  =  -0.00501976
  [11 ,   1]  =  -0.0115013
  [12 ,   1]  =  -0.0151362
  [13 ,   1]  =  0.00634406
  [14 ,   1]  =  -0.0270379
  [15 ,   1]  =  -0.0161345
  [16 ,   1]  =  -0.0140795
  [17 ,   1]  =  -0.00653112
  [18 ,   1]  =  -0.0180079
  [19 ,   1]  =  -0.0169261
  [20 ,   1]  =  -0.0099024
  [21 ,   1]  =  -0.00265813
  [22 ,   1]  =  -0.00627125
  [23 ,   1]  =  -0.0103733
  [24 ,   1]  =  -0.0101444
  [25 ,   1]  =  -0.0046212
  [151,   1]  =  1.0
  [152,   1]  =  1.0
  [302,   1]  =  -1.0
  [1  ,   2]  =  -0.00858285
  [2  ,   2]  =  -0.832925
  [3  ,   2]  =  -0.0586718
  [4  ,   2]  =  -0.0160643
  [5  ,   2]  =  -0.0140439
  [6  ,   2]  =  -0.0187917
  [7  ,   2]  =  -0.0299181
  [8  ,   2]  =  -0.00339737
  [9  ,   2]  =  -0.0105302
  [10 ,   2]  =  -0.0589593
  [11 ,   2]  =  -0.0410254
  [12 ,   2]  =  -0.0433419
  [13 ,   2]  =  -0.0253297
  [14 ,   2]  =  -0.00255768
  [15 ,   2]  =  -0.00684011
  [16 ,   2]  =  -0.043184
  [17 ,   2]  =  -0.0492314
  [18 ,   2]  =  -0.060164
  [19 ,   2]  =  -0.0672699
  [20 ,   2]  =  -0.0239567
  [21 ,   2]  =  -0.0319705
  [22 ,   2]  =  -0.00771653
  [23 ,   2]  =  -0.039704
  [24 ,   2]  =  -0.0476752
  [25 ,   2]  =  -0.0343534
  [151,   2]  =  1.0
  [153,   2]  =  1.0
  [303,   2]  =  -1.0
  [1  ,   3]  =  -0.0186047
  [2  ,   3]  =  -0.0586718
  [3  ,   3]  =  -0.539826
  [4  ,   3]  =  -0.0168684
  [5  ,   3]  =  -0.0175587
  [6  ,   3]  =  -0.0222824
  [7  ,   3]  =  0.0145903
  [8  ,   3]  =  0.000968049
  [9  ,   3]  =  -0.00446949
  [10 ,   3]  =  -0.0326037
  [11 ,   3]  =  -0.00843888
  [12 ,   3]  =  -0.0449793
  [13 ,   3]  =  -0.0150063
  [14 ,   3]  =  -0.0126888
  [15 ,   3]  =  -0.00819142
  [16 ,   3]  =  -0.0352071
  [17 ,   3]  =  -0.0359309
  [18 ,   3]  =  -0.0539296
  [19 ,   3]  =  -0.0356002
  [20 ,   3]  =  -0.0220702
  [21 ,   3]  =  -0.0208258
  [22 ,   3]  =  0.00909235
  [23 ,   3]  =  -0.0281921
  [24 ,   3]  =  -0.0166052
  [25 ,   3]  =  -0.00936283
  [151,   3]  =  1.0
  [154,   3]  =  1.0
  [304,   3]  =  -1.0
  [1  ,   4]  =  0.00742211
  [2  ,   4]  =  -0.0160643
  [3  ,   4]  =  -0.0168684
  [4  ,   4]  =  -0.288362
  [5  ,   4]  =  8.16126e-5
  [6  ,   4]  =  -0.00478664
  [7  ,   4]  =  -0.0139199
  [8  ,   4]  =  0.00295026
  [9  ,   4]  =  -0.0016521
  [10 ,   4]  =  -0.0269933
  [11 ,   4]  =  0.00614886
  [12 ,   4]  =  -0.00645451
  [13 ,   4]  =  -0.00717507
  [14 ,   4]  =  -0.00409666
  [15 ,   4]  =  0.00248347
  [16 ,   4]  =  -0.0193804
  [17 ,   4]  =  -0.0225998
  [18 ,   4]  =  -0.0107729
  [19 ,   4]  =  -0.00423977
  [20 ,   4]  =  -0.00591686
  [21 ,   4]  =  -0.0096595
  [22 ,   4]  =  0.00232156
  [23 ,   4]  =  -0.028327
  [24 ,   4]  =  0.00946302
  [25 ,   4]  =  -0.0360019
  [151,   4]  =  1.0
  [155,   4]  =  1.0
  [305,   4]  =  -1.0
  [1  ,   5]  =  -0.0104342
  [2  ,   5]  =  -0.0140439
  [3  ,   5]  =  -0.0175587
  [4  ,   5]  =  8.16126e-5
  [5  ,   5]  =  -0.174417
  [6  ,   5]  =  -0.0167674
  [7  ,   5]  =  -0.00449366
  [8  ,   5]  =  -0.00633994
  [9  ,   5]  =  -0.0179573
  [10 ,   5]  =  -0.0149748
  [11 ,   5]  =  -0.00960914
  [12 ,   5]  =  -0.00869642
  [13 ,   5]  =  -0.0260987
  [14 ,   5]  =  -0.00350606
  [15 ,   5]  =  -0.0108224
  [16 ,   5]  =  -0.00114452
  [17 ,   5]  =  -0.000168258
  [18 ,   5]  =  -0.0315209
  [19 ,   5]  =  -0.0126149
  [20 ,   5]  =  -0.00919978
  [21 ,   5]  =  -0.0127473
  [22 ,   5]  =  -0.00585514
  [23 ,   5]  =  -0.0153917
  [24 ,   5]  =  -0.00316411
  [25 ,   5]  =  -0.00927205
  [151,   5]  =  1.0
  [156,   5]  =  1.0
  [306,   5]  =  -1.0
  [1  ,   6]  =  -0.0127321
  [2  ,   6]  =  -0.0187917
  [3  ,   6]  =  -0.0222824
  [4  ,   6]  =  -0.00478664
  [5  ,   6]  =  -0.0167674
  [6  ,   6]  =  -0.219673
  [7  ,   6]  =  -0.0108616
  [8  ,   6]  =  -0.00466679
  [9  ,   6]  =  -0.0217261
  [10 ,   6]  =  -0.0414606
  [11 ,   6]  =  -0.0131444
  [12 ,   6]  =  -0.0211567
  [13 ,   6]  =  -0.0159217
  [14 ,   6]  =  -0.0297368
  [15 ,   6]  =  0.00558985
  [16 ,   6]  =  -0.0141294
  [17 ,   6]  =  -0.003655
  [18 ,   6]  =  -0.0207555
  [19 ,   6]  =  -0.0296616
  [20 ,   6]  =  -0.0161004
  [21 ,   6]  =  -0.0321899
  [22 ,   6]  =  -0.00425976
  [23 ,   6]  =  -0.00870111
  [24 ,   6]  =  -0.00658484
  [25 ,   6]  =  -0.018641
  [151,   6]  =  1.0
  [157,   6]  =  1.0
  [307,   6]  =  -1.0
  [1  ,   7]  =  -0.00905039
  [2  ,   7]  =  -0.0299181
  [3  ,   7]  =  0.0145903
  [4  ,   7]  =  -0.0139199
  [5  ,   7]  =  -0.00449366
  [6  ,   7]  =  -0.0108616
  [7  ,   7]  =  -0.285108
  [8  ,   7]  =  -0.014031
  [9  ,   7]  =  -0.000788295
  [10 ,   7]  =  -0.0174795
  [11 ,   7]  =  -0.00567852
  [12 ,   7]  =  -0.00920857
  [13 ,   7]  =  -0.0119859
  [14 ,   7]  =  -0.0104746
  [15 ,   7]  =  0.00115684
  [16 ,   7]  =  0.00351228
  [17 ,   7]  =  -0.0364412
  [18 ,   7]  =  -0.00789561
  [19 ,   7]  =  0.00148387
  [20 ,   7]  =  0.000156669
  [21 ,   7]  =  -0.000225963
  [22 ,   7]  =  0.000656644
  [23 ,   7]  =  -0.0153564
  [24 ,   7]  =  -0.00426569
  [25 ,   7]  =  -0.0142997
  [151,   7]  =  1.0
  [158,   7]  =  1.0
  [308,   7]  =  -1.0
  [1  ,   8]  =  0.0012555
  [2  ,   8]  =  -0.00339737
  [3  ,   8]  =  0.000968049
  [4  ,   8]  =  0.00295026
  [5  ,   8]  =  -0.00633994
  [6  ,   8]  =  -0.00466679
  [7  ,   8]  =  -0.014031
  [8  ,   8]  =  -0.124273
  [9  ,   8]  =  -0.00863394
  [10 ,   8]  =  0.00132668
  [11 ,   8]  =  -0.000295366
  [12 ,   8]  =  0.0034698
  [13 ,   8]  =  -0.0062097
  [14 ,   8]  =  -0.0122561
  [15 ,   8]  =  -0.00759413
  [16 ,   8]  =  0.00158606
  [17 ,   8]  =  -0.00852345
  [18 ,   8]  =  0.000865148
  [19 ,   8]  =  -0.000156062
  [20 ,   8]  =  -0.00457426
  [21 ,   8]  =  -0.00524172
  [22 ,   8]  =  -0.00712989
  [23 ,   8]  =  -0.00553779
  [24 ,   8]  =  -0.00792627
  [25 ,   8]  =  -0.00572297
  [151,   8]  =  1.0
  [159,   8]  =  1.0
  [309,   8]  =  -1.0
  [1  ,   9]  =  -0.00162487
  [2  ,   9]  =  -0.0105302
  [3  ,   9]  =  -0.00446949
  [4  ,   9]  =  -0.0016521
  [5  ,   9]  =  -0.0179573
  [6  ,   9]  =  -0.0217261
  [7  ,   9]  =  -0.000788295
  [8  ,   9]  =  -0.00863394
  [9  ,   9]  =  -0.172052
  [10 ,   9]  =  -0.0192533
  [11 ,   9]  =  -0.0137075
  [12 ,   9]  =  -0.0229935
  [13 ,   9]  =  -0.00896623
  [14 ,   9]  =  -0.0377356
  [15 ,   9]  =  0.00133813
  [16 ,   9]  =  -0.010559
  [17 ,   9]  =  -0.00834048
  [18 ,   9]  =  -0.00718239
  [19 ,   9]  =  -0.0187285
  [20 ,   9]  =  0.00195123
  [21 ,   9]  =  -0.0696556
  [22 ,   9]  =  -0.00426784
  [23 ,   9]  =  -0.0059562
  [24 ,   9]  =  -0.0295327
  [25 ,   9]  =  -0.00741337
  [151,   9]  =  1.0
  [160,   9]  =  1.0
  [310,   9]  =  -1.0
  [1  ,  10]  =  -0.00501976
  [2  ,  10]  =  -0.0589593
  [3  ,  10]  =  -0.0326037
  [4  ,  10]  =  -0.0269933
  [5  ,  10]  =  -0.0149748
  [6  ,  10]  =  -0.0414606
  [7  ,  10]  =  -0.0174795
  [8  ,  10]  =  0.00132668
  [9  ,  10]  =  -0.0192533
  [10 ,  10]  =  -0.443323
  [11 ,  10]  =  -0.00590558
  [12 ,  10]  =  -0.0296822
  [13 ,  10]  =  -0.0274038
  [14 ,  10]  =  -0.0167065
  [15 ,  10]  =  -0.0177821
  [16 ,  10]  =  -0.00664141
  [17 ,  10]  =  0.00614051
  [18 ,  10]  =  -0.0472754
  [19 ,  10]  =  -0.023207
  [20 ,  10]  =  -0.0107339
  [21 ,  10]  =  -0.0212717
  [22 ,  10]  =  -0.0042805
  [23 ,  10]  =  -0.0338977
  [24 ,  10]  =  -0.0246291
  [25 ,  10]  =  -0.0402012
  [151,  10]  =  1.0
  [161,  10]  =  1.0
  [311,  10]  =  -1.0
  [1  ,  11]  =  -0.0115013
  [2  ,  11]  =  -0.0410254
  [3  ,  11]  =  -0.00843888
  [4  ,  11]  =  0.00614886
  [5  ,  11]  =  -0.00960914
  [6  ,  11]  =  -0.0131444
  [7  ,  11]  =  -0.00567852
  [8  ,  11]  =  -0.000295366
  [9  ,  11]  =  -0.0137075
  [10 ,  11]  =  -0.00590558
  [11 ,  11]  =  -0.349947
  [12 ,  11]  =  -0.0118685
  [13 ,  11]  =  -0.0138742
  [14 ,  11]  =  -0.0215071
  [15 ,  11]  =  0.000915611
  [16 ,  11]  =  -0.000474301
  [17 ,  11]  =  -0.00301019
  [18 ,  11]  =  -0.0342217
  [19 ,  11]  =  -0.0162178
  [20 ,  11]  =  -0.00617196
  [21 ,  11]  =  -0.0114687
  [22 ,  11]  =  -0.0139285
  [23 ,  11]  =  -0.0043699
  [24 ,  11]  =  -0.00687556
  [25 ,  11]  =  -0.00725748
  [151,  11]  =  1.0
  [162,  11]  =  1.0
  [312,  11]  =  -1.0
  [1  ,  12]  =  -0.0151362
  [2  ,  12]  =  -0.0433419
  [3  ,  12]  =  -0.0449793
  [4  ,  12]  =  -0.00645451
  [5  ,  12]  =  -0.00869642
  [6  ,  12]  =  -0.0211567
  [7  ,  12]  =  -0.00920857
  [8  ,  12]  =  0.0034698
  [9  ,  12]  =  -0.0229935
  [10 ,  12]  =  -0.0296822
  [11 ,  12]  =  -0.0118685
  [12 ,  12]  =  -0.229529
  [13 ,  12]  =  -0.024995
  [14 ,  12]  =  -0.0515473
  [15 ,  12]  =  -0.0238482
  [16 ,  12]  =  -0.00225099
  [17 ,  12]  =  -0.0304157
  [18 ,  12]  =  -0.0442418
  [19 ,  12]  =  -0.0233167
  [20 ,  12]  =  0.00449268
  [21 ,  12]  =  -0.0231037
  [22 ,  12]  =  0.00251286
  [23 ,  12]  =  -0.0153186
  [24 ,  12]  =  -0.0221483
  [25 ,  12]  =  -0.0119071
  [151,  12]  =  1.0
  [163,  12]  =  1.0
  [313,  12]  =  -1.0
  [1  ,  13]  =  0.00634406
  [2  ,  13]  =  -0.0253297
  [3  ,  13]  =  -0.0150063
  [4  ,  13]  =  -0.00717507
  [5  ,  13]  =  -0.0260987
  [6  ,  13]  =  -0.0159217
  [7  ,  13]  =  -0.0119859
  [8  ,  13]  =  -0.0062097
  [9  ,  13]  =  -0.00896623
  [10 ,  13]  =  -0.0274038
  [11 ,  13]  =  -0.0138742
  [12 ,  13]  =  -0.024995
  [13 ,  13]  =  -0.434782
  [14 ,  13]  =  -2.93681e-5
  [15 ,  13]  =  -0.0340311
  [16 ,  13]  =  -0.0118938
  [17 ,  13]  =  -0.0201121
  [18 ,  13]  =  -0.0529651
  [19 ,  13]  =  -0.0161906
  [20 ,  13]  =  -0.000256926
  [21 ,  13]  =  -0.0153453
  [22 ,  13]  =  -0.0145399
  [23 ,  13]  =  -0.015348
  [24 ,  13]  =  -0.0145575
  [25 ,  13]  =  -0.0327333
  [151,  13]  =  1.0
  [164,  13]  =  1.0
  [314,  13]  =  -1.0
  [1  ,  14]  =  -0.0270379
  [2  ,  14]  =  -0.00255768
  [3  ,  14]  =  -0.0126888
  [4  ,  14]  =  -0.00409666
  [5  ,  14]  =  -0.00350606
  [6  ,  14]  =  -0.0297368
  [7  ,  14]  =  -0.0104746
  [8  ,  14]  =  -0.0122561
  [9  ,  14]  =  -0.0377356
  [10 ,  14]  =  -0.0167065
  [11 ,  14]  =  -0.0215071
  [12 ,  14]  =  -0.0515473
  [13 ,  14]  =  -2.93681e-5
  [14 ,  14]  =  -0.278767
  [15 ,  14]  =  -0.0350757
  [16 ,  14]  =  -0.0299348
  [17 ,  14]  =  -0.0313706
  [18 ,  14]  =  -0.0454375
  [19 ,  14]  =  -0.0267021
  [20 ,  14]  =  0.0199002
  [21 ,  14]  =  -0.0291852
  [22 ,  14]  =  0.0048662
  [23 ,  14]  =  -0.00598283
  [24 ,  14]  =  -0.00921832
  [25 ,  14]  =  -0.0164724
  [151,  14]  =  1.0
  [165,  14]  =  1.0
  [315,  14]  =  -1.0
  [1  ,  15]  =  -0.0161345
  [2  ,  15]  =  -0.00684011
  [3  ,  15]  =  -0.00819142
  [4  ,  15]  =  0.00248347
  [5  ,  15]  =  -0.0108224
  [6  ,  15]  =  0.00558985
  [7  ,  15]  =  0.00115684
  [8  ,  15]  =  -0.00759413
  [9  ,  15]  =  0.00133813
  [10 ,  15]  =  -0.0177821
  [11 ,  15]  =  0.000915611
  [12 ,  15]  =  -0.0238482
  [13 ,  15]  =  -0.0340311
  [14 ,  15]  =  -0.0350757
  [15 ,  15]  =  -0.20974
  [16 ,  15]  =  0.000652327
  [17 ,  15]  =  -0.0115535
  [18 ,  15]  =  -0.00827189
  [19 ,  15]  =  -0.0131169
  [20 ,  15]  =  0.00922226
  [21 ,  15]  =  -0.00575724
  [22 ,  15]  =  -0.0121672
  [23 ,  15]  =  -0.00130886
  [24 ,  15]  =  -0.0130526
  [25 ,  15]  =  -0.0249033
  [151,  15]  =  1.0
  [166,  15]  =  1.0
  [316,  15]  =  -1.0
  [1  ,  16]  =  -0.0140795
  [2  ,  16]  =  -0.043184
  [3  ,  16]  =  -0.0352071
  [4  ,  16]  =  -0.0193804
  [5  ,  16]  =  -0.00114452
  [6  ,  16]  =  -0.0141294
  [7  ,  16]  =  0.00351228
  [8  ,  16]  =  0.00158606
  [9  ,  16]  =  -0.010559
  [10 ,  16]  =  -0.00664141
  [11 ,  16]  =  -0.000474301
  [12 ,  16]  =  -0.00225099
  [13 ,  16]  =  -0.0118938
  [14 ,  16]  =  -0.0299348
  [15 ,  16]  =  0.000652327
  [16 ,  16]  =  -0.197026
  [17 ,  16]  =  -0.0274757
  [18 ,  16]  =  -0.00605322
  [19 ,  16]  =  -0.0351959
  [20 ,  16]  =  -0.00627986
  [21 ,  16]  =  -0.00719463
  [22 ,  16]  =  0.000842941
  [23 ,  16]  =  -0.016116
  [24 ,  16]  =  -0.0140243
  [25 ,  16]  =  -0.0264558
  [151,  16]  =  1.0
  [167,  16]  =  1.0
  [317,  16]  =  -1.0
  [1  ,  17]  =  -0.00653112
  [2  ,  17]  =  -0.0492314
  [3  ,  17]  =  -0.0359309
  [4  ,  17]  =  -0.0225998
  [5  ,  17]  =  -0.000168258
  [6  ,  17]  =  -0.003655
  [7  ,  17]  =  -0.0364412
  [8  ,  17]  =  -0.00852345
  [9  ,  17]  =  -0.00834048
  [10 ,  17]  =  0.00614051
  [11 ,  17]  =  -0.00301019
  [12 ,  17]  =  -0.0304157
  [13 ,  17]  =  -0.0201121
  [14 ,  17]  =  -0.0313706
  [15 ,  17]  =  -0.0115535
  [16 ,  17]  =  -0.0274757
  [17 ,  17]  =  -0.286424
  [18 ,  17]  =  -0.0591853
  [19 ,  17]  =  -0.0191279
  [20 ,  17]  =  0.000828922
  [21 ,  17]  =  -0.00780025
  [22 ,  17]  =  -0.00564732
  [23 ,  17]  =  -0.00473313
  [24 ,  17]  =  -0.00265674
  [25 ,  17]  =  -0.0148972
  [151,  17]  =  1.0
  [168,  17]  =  1.0
  [318,  17]  =  -1.0
  [1  ,  18]  =  -0.0180079
  [2  ,  18]  =  -0.060164
  [3  ,  18]  =  -0.0539296
  [4  ,  18]  =  -0.0107729
  [5  ,  18]  =  -0.0315209
  [6  ,  18]  =  -0.0207555
  [7  ,  18]  =  -0.00789561
  [8  ,  18]  =  0.000865148
  [9  ,  18]  =  -0.00718239
  [10 ,  18]  =  -0.0472754
  [11 ,  18]  =  -0.0342217
  [12 ,  18]  =  -0.0442418
  [13 ,  18]  =  -0.0529651
  [14 ,  18]  =  -0.0454375
  [15 ,  18]  =  -0.00827189
  [16 ,  18]  =  -0.00605322
  [17 ,  18]  =  -0.0591853
  [18 ,  18]  =  -0.436531
  [19 ,  18]  =  -0.0239195
  [20 ,  18]  =  0.000718196
  [21 ,  18]  =  -0.0133859
  [22 ,  18]  =  -0.0161466
  [23 ,  18]  =  -0.0417634
  [24 ,  18]  =  -0.00957468
  [25 ,  18]  =  -0.0149768
  [151,  18]  =  1.0
  [169,  18]  =  1.0
  [319,  18]  =  -1.0
  [1  ,  19]  =  -0.0169261
  [2  ,  19]  =  -0.0672699
  [3  ,  19]  =  -0.0356002
  [4  ,  19]  =  -0.00423977
  [5  ,  19]  =  -0.0126149
  [6  ,  19]  =  -0.0296616
  [7  ,  19]  =  0.00148387
  [8  ,  19]  =  -0.000156062
  [9  ,  19]  =  -0.0187285
  [10 ,  19]  =  -0.023207
  [11 ,  19]  =  -0.0162178
  [12 ,  19]  =  -0.0233167
  [13 ,  19]  =  -0.0161906
  [14 ,  19]  =  -0.0267021
  [15 ,  19]  =  -0.0131169
  [16 ,  19]  =  -0.0351959
  [17 ,  19]  =  -0.0191279
  [18 ,  19]  =  -0.0239195
  [19 ,  19]  =  -0.272062
  [20 ,  19]  =  -0.0176314
  [21 ,  19]  =  -0.0218753
  [22 ,  19]  =  -0.00659536
  [23 ,  19]  =  -0.0161434
  [24 ,  19]  =  -0.0152124
  [25 ,  19]  =  -0.0218321
  [151,  19]  =  1.0
  [170,  19]  =  1.0
  [320,  19]  =  -1.0
  [1  ,  20]  =  -0.0099024
  [2  ,  20]  =  -0.0239567
  [3  ,  20]  =  -0.0220702
  [4  ,  20]  =  -0.00591686
  [5  ,  20]  =  -0.00919978
  [6  ,  20]  =  -0.0161004
  [7  ,  20]  =  0.000156669
  [8  ,  20]  =  -0.00457426
  [9  ,  20]  =  0.00195123
  [10 ,  20]  =  -0.0107339
  [11 ,  20]  =  -0.00617196
  [12 ,  20]  =  0.00449268
  [13 ,  20]  =  -0.000256926
  [14 ,  20]  =  0.0199002
  [15 ,  20]  =  0.00922226
  [16 ,  20]  =  -0.00627986
  [17 ,  20]  =  0.000828922
  [18 ,  20]  =  0.000718196
  [19 ,  20]  =  -0.0176314
  [20 ,  20]  =  -0.172381
  [21 ,  20]  =  -0.00606465
  [22 ,  20]  =  0.0084926
  [23 ,  20]  =  0.00262022
  [24 ,  20]  =  0.0032837
  [25 ,  20]  =  -0.00468358
  [151,  20]  =  1.0
  [171,  20]  =  1.0
  [321,  20]  =  -1.0
  [1  ,  21]  =  -0.00265813
  [2  ,  21]  =  -0.0319705
  [3  ,  21]  =  -0.0208258
  [4  ,  21]  =  -0.0096595
  [5  ,  21]  =  -0.0127473
  [6  ,  21]  =  -0.0321899
  [7  ,  21]  =  -0.000225963
  [8  ,  21]  =  -0.00524172
  [9  ,  21]  =  -0.0696556
  [10 ,  21]  =  -0.0212717
  [11 ,  21]  =  -0.0114687
  [12 ,  21]  =  -0.0231037
  [13 ,  21]  =  -0.0153453
  [14 ,  21]  =  -0.0291852
  [15 ,  21]  =  -0.00575724
  [16 ,  21]  =  -0.00719463
  [17 ,  21]  =  -0.00780025
  [18 ,  21]  =  -0.0133859
  [19 ,  21]  =  -0.0218753
  [20 ,  21]  =  -0.00606465
  [21 ,  21]  =  -0.172166
  [22 ,  21]  =  -0.00407456
  [23 ,  21]  =  -0.013562
  [24 ,  21]  =  -0.0371804
  [25 ,  21]  =  -0.00925816
  [151,  21]  =  1.0
  [172,  21]  =  1.0
  [322,  21]  =  -1.0
  [1  ,  22]  =  -0.00627125
  [2  ,  22]  =  -0.00771653
  [3  ,  22]  =  0.00909235
  [4  ,  22]  =  0.00232156
  [5  ,  22]  =  -0.00585514
  [6  ,  22]  =  -0.00425976
  [7  ,  22]  =  0.000656644
  [8  ,  22]  =  -0.00712989
  [9  ,  22]  =  -0.00426784
  [10 ,  22]  =  -0.0042805
  [11 ,  22]  =  -0.0139285
  [12 ,  22]  =  0.00251286
  [13 ,  22]  =  -0.0145399
  [14 ,  22]  =  0.0048662
  [15 ,  22]  =  -0.0121672
  [16 ,  22]  =  0.000842941
  [17 ,  22]  =  -0.00564732
  [18 ,  22]  =  -0.0161466
  [19 ,  22]  =  -0.00659536
  [20 ,  22]  =  0.0084926
  [21 ,  22]  =  -0.00407456
  [22 ,  22]  =  -0.188873
  [23 ,  22]  =  -0.0121824
  [24 ,  22]  =  -0.00672068
  [25 ,  22]  =  0.00435003
  [151,  22]  =  1.0
  [173,  22]  =  1.0
  [323,  22]  =  -1.0
  [1  ,  23]  =  -0.0103733
  [2  ,  23]  =  -0.039704
  [3  ,  23]  =  -0.0281921
  [4  ,  23]  =  -0.028327
  [5  ,  23]  =  -0.0153917
  [6  ,  23]  =  -0.00870111
  [7  ,  23]  =  -0.0153564
  [8  ,  23]  =  -0.00553779
  [9  ,  23]  =  -0.0059562
  [10 ,  23]  =  -0.0338977
  [11 ,  23]  =  -0.0043699
  [12 ,  23]  =  -0.0153186
  [13 ,  23]  =  -0.015348
  [14 ,  23]  =  -0.00598283
  [15 ,  23]  =  -0.00130886
  [16 ,  23]  =  -0.016116
  [17 ,  23]  =  -0.00473313
  [18 ,  23]  =  -0.0417634
  [19 ,  23]  =  -0.0161434
  [20 ,  23]  =  0.00262022
  [21 ,  23]  =  -0.013562
  [22 ,  23]  =  -0.0121824
  [23 ,  23]  =  -0.297506
  [24 ,  23]  =  -0.0140654
  [25 ,  23]  =  -0.012971
  [151,  23]  =  1.0
  [174,  23]  =  1.0
  [324,  23]  =  -1.0
  [1  ,  24]  =  -0.0101444
  [2  ,  24]  =  -0.0476752
  [3  ,  24]  =  -0.0166052
  [4  ,  24]  =  0.00946302
  [5  ,  24]  =  -0.00316411
  [6  ,  24]  =  -0.00658484
  [7  ,  24]  =  -0.00426569
  [8  ,  24]  =  -0.00792627
  [9  ,  24]  =  -0.0295327
  [10 ,  24]  =  -0.0246291
  [11 ,  24]  =  -0.00687556
  [12 ,  24]  =  -0.0221483
  [13 ,  24]  =  -0.0145575
  [14 ,  24]  =  -0.00921832
  [15 ,  24]  =  -0.0130526
  [16 ,  24]  =  -0.0140243
  [17 ,  24]  =  -0.00265674
  [18 ,  24]  =  -0.00957468
  [19 ,  24]  =  -0.0152124
  [20 ,  24]  =  0.0032837
  [21 ,  24]  =  -0.0371804
  [22 ,  24]  =  -0.00672068
  [23 ,  24]  =  -0.0140654
  [24 ,  24]  =  -0.707678
  [25 ,  24]  =  -0.0362106
  [151,  24]  =  1.0
  [175,  24]  =  1.0
  [325,  24]  =  -1.0
  [1  ,  25]  =  -0.0046212
  [2  ,  25]  =  -0.0343534
  [3  ,  25]  =  -0.00936283
  [4  ,  25]  =  -0.0360019
  [5  ,  25]  =  -0.00927205
  [6  ,  25]  =  -0.018641
  [7  ,  25]  =  -0.0142997
  [8  ,  25]  =  -0.00572297
  [9  ,  25]  =  -0.00741337
  [10 ,  25]  =  -0.0402012
  [11 ,  25]  =  -0.00725748
  [12 ,  25]  =  -0.0119071
  [13 ,  25]  =  -0.0327333
  [14 ,  25]  =  -0.0164724
  [15 ,  25]  =  -0.0249033
  [16 ,  25]  =  -0.0264558
  [17 ,  25]  =  -0.0148972
  [18 ,  25]  =  -0.0149768
  [19 ,  25]  =  -0.0218321
  [20 ,  25]  =  -0.00468358
  [21 ,  25]  =  -0.00925816
  [22 ,  25]  =  0.00435003
  [23 ,  25]  =  -0.012971
  [24 ,  25]  =  -0.0362106
  [25 ,  25]  =  -0.286847
  [151,  25]  =  1.0
  [176,  25]  =  1.0
  [326,  25]  =  -1.0
  [26 ,  26]  =  -0.212489
  [27 ,  26]  =  -0.0075931
  [28 ,  26]  =  -0.00545127
  [29 ,  26]  =  -0.00224542
  [30 ,  26]  =  -0.0132738
  [31 ,  26]  =  -0.0013069
  [32 ,  26]  =  -0.0120734
  [33 ,  26]  =  -0.00151986
  [34 ,  26]  =  -0.00867026
  [35 ,  26]  =  -0.0181437
  [36 ,  26]  =  -0.00516485
  [37 ,  26]  =  -0.00788053
  [38 ,  26]  =  0.00095229
  [39 ,  26]  =  -0.00790941
  [40 ,  26]  =  -0.00560517
  [41 ,  26]  =  -0.00162167
  [42 ,  26]  =  0.00807398
  [43 ,  26]  =  -0.00214342
  [44 ,  26]  =  -0.00104913
  [45 ,  26]  =  -0.0150235
  [46 ,  26]  =  -0.00530417
  [47 ,  26]  =  0.000922323
  [48 ,  26]  =  0.017619
  [49 ,  26]  =  -0.00329132
  [50 ,  26]  =  -0.0279021
  [151,  26]  =  1.0
  [177,  26]  =  1.0
  [327,  26]  =  -1.0
  [26 ,  27]  =  -0.0075931
  [27 ,  27]  =  -0.585134
  [28 ,  27]  =  -0.0534012
  [29 ,  27]  =  -0.00898554
  [30 ,  27]  =  -0.0217501
  [31 ,  27]  =  -0.0197008
  [32 ,  27]  =  -0.00643967
  [33 ,  27]  =  0.00345251
  [34 ,  27]  =  -0.044475
  [35 ,  27]  =  -0.00579099
  [36 ,  27]  =  -0.0272925
  [37 ,  27]  =  -0.0141424
  [38 ,  27]  =  0.00275311
  [39 ,  27]  =  -0.0202466
  [40 ,  27]  =  -0.0228221
  [41 ,  27]  =  -0.0107603
  [42 ,  27]  =  -0.0451102
  [43 ,  27]  =  -0.0201424
  [44 ,  27]  =  -0.0228289
  [45 ,  27]  =  -0.0267675
  [46 ,  27]  =  -0.00571099
  [47 ,  27]  =  0.000418215
  [48 ,  27]  =  0.0123706
  [49 ,  27]  =  -0.00872138
  [50 ,  27]  =  -0.00375545
  [151,  27]  =  1.0
  [178,  27]  =  1.0
  [328,  27]  =  -1.0
  [26 ,  28]  =  -0.00545127
  [27 ,  28]  =  -0.0534012
  [28 ,  28]  =  -0.420106
  [29 ,  28]  =  -0.00796145
  [30 ,  28]  =  -0.0120369
  [31 ,  28]  =  -0.0359527
  [32 ,  28]  =  -0.00748967
  [33 ,  28]  =  -0.00431073
  [34 ,  28]  =  -0.0214645
  [35 ,  28]  =  -0.0139288
  [36 ,  28]  =  -0.0479427
  [37 ,  28]  =  -0.029793
  [38 ,  28]  =  -0.0245956
  [39 ,  28]  =  -0.0173609
  [40 ,  28]  =  -0.0332243
  [41 ,  28]  =  -0.00081251
  [42 ,  28]  =  -0.0297085
  [43 ,  28]  =  -0.00839933
  [44 ,  28]  =  -0.0312693
  [45 ,  28]  =  -0.0155303
  [46 ,  28]  =  0.00701464
  [47 ,  28]  =  -0.00177895
  [48 ,  28]  =  -0.00537475
  [49 ,  28]  =  -0.0181585
  [50 ,  28]  =  -0.0183542
  [151,  28]  =  1.0
  [179,  28]  =  1.0
  [329,  28]  =  -1.0
  [26 ,  29]  =  -0.00224542
  [27 ,  29]  =  -0.00898554
  [28 ,  29]  =  -0.00796145
  [29 ,  29]  =  -0.132364
  [30 ,  29]  =  -0.0144997
  [31 ,  29]  =  -0.0127428
  [32 ,  29]  =  -0.0159947
  [33 ,  29]  =  -0.00647156
  [34 ,  29]  =  0.00154298
  [35 ,  29]  =  -0.024355
  [36 ,  29]  =  -0.0229597
  [37 ,  29]  =  -0.00377954
  [38 ,  29]  =  -0.00332283
  [39 ,  29]  =  -0.0186776
  [40 ,  29]  =  -0.0195547
  [41 ,  29]  =  0.000533581
  [42 ,  29]  =  -0.00482424
  [43 ,  29]  =  -0.0187917
  [44 ,  29]  =  -0.0176047
  [45 ,  29]  =  -0.00168638
  [46 ,  29]  =  -0.00998204
  [47 ,  29]  =  -0.0196424
  [48 ,  29]  =  -0.01161
  [49 ,  29]  =  -0.0104826
  [50 ,  29]  =  -0.00633447
  [151,  29]  =  1.0
  [180,  29]  =  1.0
  [330,  29]  =  -1.0
  [26 ,  30]  =  -0.0132738
  [27 ,  30]  =  -0.0217501
  [28 ,  30]  =  -0.0120369
  [29 ,  30]  =  -0.0144997
  [30 ,  30]  =  -0.306932
  [31 ,  30]  =  -0.00587931
  [32 ,  30]  =  0.0046024
  [33 ,  30]  =  -0.0110102
  [34 ,  30]  =  -0.0205202
  [35 ,  30]  =  0.00151034
  [36 ,  30]  =  -0.0164753
  [37 ,  30]  =  0.000348324
  [38 ,  30]  =  -0.00521288
  [39 ,  30]  =  0.00501256
  [40 ,  30]  =  -0.0291012
  [41 ,  30]  =  -0.0430224
  [42 ,  30]  =  -0.119049
  [43 ,  30]  =  0.00952397
  [44 ,  30]  =  -0.0999873
  [45 ,  30]  =  -0.0146547
  [46 ,  30]  =  -0.00947123
  [47 ,  30]  =  -0.0335688
  [48 ,  30]  =  0.0137662
  [49 ,  30]  =  -0.00219708
  [50 ,  30]  =  -0.00157072
  [151,  30]  =  1.0
  [181,  30]  =  1.0
  [331,  30]  =  -1.0
  [26 ,  31]  =  -0.0013069
  [27 ,  31]  =  -0.0197008
  [28 ,  31]  =  -0.0359527
  [29 ,  31]  =  -0.0127428
  [30 ,  31]  =  -0.00587931
  [31 ,  31]  =  -0.361977
  [32 ,  31]  =  -0.00558977
  [33 ,  31]  =  -0.00453085
  [34 ,  31]  =  -0.0223421
  [35 ,  31]  =  -0.0124215
  [36 ,  31]  =  -0.0193318
  [37 ,  31]  =  -0.0160555
  [38 ,  31]  =  0.000100866
  [39 ,  31]  =  -0.0193579
  [40 ,  31]  =  0.0104625
  [41 ,  31]  =  -0.0110479
  [42 ,  31]  =  -0.00217613
  [43 ,  31]  =  -0.00527761
  [44 ,  31]  =  -0.0040952
  [45 ,  31]  =  -0.0204231
  [46 ,  31]  =  -0.000813874
  [47 ,  31]  =  -0.00166531
  [48 ,  31]  =  -0.00490441
  [49 ,  31]  =  -0.0185427
  [50 ,  31]  =  -0.0157297
  [151,  31]  =  1.0
  [182,  31]  =  1.0
  [332,  31]  =  -1.0
  [26 ,  32]  =  -0.0120734
  [27 ,  32]  =  -0.00643967
  [28 ,  32]  =  -0.00748967
  [29 ,  32]  =  -0.0159947
  [30 ,  32]  =  0.0046024
  [31 ,  32]  =  -0.00558977
  [32 ,  32]  =  -0.181338
  [33 ,  32]  =  -0.0141538
  [34 ,  32]  =  -0.00792597
  [35 ,  32]  =  -0.0201931
  [36 ,  32]  =  0.00845234
  [37 ,  32]  =  -0.0241754
  [38 ,  32]  =  -0.00350344
  [39 ,  32]  =  -0.0228527
  [40 ,  32]  =  -0.0138216
  [41 ,  32]  =  -0.00294618
  [42 ,  32]  =  -0.000193837
  [43 ,  32]  =  -0.00268371
  [44 ,  32]  =  0.00308507
  [45 ,  32]  =  -0.0135753
  [46 ,  32]  =  -0.00620142
  [47 ,  32]  =  -0.00223137
  [48 ,  32]  =  -0.00861026
  [49 ,  32]  =  -0.0113899
  [50 ,  32]  =  -0.00623049
  [151,  32]  =  1.0
  [183,  32]  =  1.0
  [333,  32]  =  -1.0
  [26 ,  33]  =  -0.00151986
  [27 ,  33]  =  0.00345251
  [28 ,  33]  =  -0.00431073
  [29 ,  33]  =  -0.00647156
  [30 ,  33]  =  -0.0110102
  [31 ,  33]  =  -0.00453085
  [32 ,  33]  =  -0.0141538
  [33 ,  33]  =  -0.448886
  [34 ,  33]  =  0.0180319
  [35 ,  33]  =  0.00838358
  [36 ,  33]  =  -0.033836
  [37 ,  33]  =  0.00876752
  [38 ,  33]  =  0.00489599
  [39 ,  33]  =  -0.00617581
  [40 ,  33]  =  0.0012259
  [41 ,  33]  =  0.00470896
  [42 ,  33]  =  -0.0336801
  [43 ,  33]  =  0.007993
  [44 ,  33]  =  -0.0840826
  [45 ,  33]  =  -0.00279295
  [46 ,  33]  =  -0.0137284
  [47 ,  33]  =  -0.0120146
  [48 ,  33]  =  0.00315594
  [49 ,  33]  =  -0.0169713
  [50 ,  33]  =  -0.00332441
  [151,  33]  =  1.0
  [184,  33]  =  1.0
  [334,  33]  =  -1.0
  [26 ,  34]  =  -0.00867026
  [27 ,  34]  =  -0.044475
  [28 ,  34]  =  -0.0214645
  [29 ,  34]  =  0.00154298
  [30 ,  34]  =  -0.0205202
  [31 ,  34]  =  -0.0223421
  [32 ,  34]  =  -0.00792597
  [33 ,  34]  =  0.0180319
  [34 ,  34]  =  -0.482835
  [35 ,  34]  =  -0.00752738
  [36 ,  34]  =  -0.018143
  [37 ,  34]  =  -0.00351733
  [38 ,  34]  =  -0.0299882
  [39 ,  34]  =  -0.014731
  [40 ,  34]  =  -0.00976869
  [41 ,  34]  =  -0.00928882
  [42 ,  34]  =  -0.0195761
  [43 ,  34]  =  -0.020602
  [44 ,  34]  =  -0.0136631
  [45 ,  34]  =  -0.0145501
  [46 ,  34]  =  -0.0315563
  [47 ,  34]  =  -0.00488255
  [48 ,  34]  =  -0.0334163
  [49 ,  34]  =  0.0010585
  [50 ,  34]  =  -0.0188882
  [151,  34]  =  1.0
  [185,  34]  =  1.0
  [335,  34]  =  -1.0
  [26 ,  35]  =  -0.0181437
  [27 ,  35]  =  -0.00579099
  [28 ,  35]  =  -0.0139288
  [29 ,  35]  =  -0.024355
  [30 ,  35]  =  0.00151034
  [31 ,  35]  =  -0.0124215
  [32 ,  35]  =  -0.0201931
  [33 ,  35]  =  0.00838358
  [34 ,  35]  =  -0.00752738
  [35 ,  35]  =  -0.165722
  [36 ,  35]  =  -0.018764
  [37 ,  35]  =  -0.00552911
  [38 ,  35]  =  -0.00678328
  [39 ,  35]  =  0.00170647
  [40 ,  35]  =  0.00143395
  [41 ,  35]  =  0.00740406
  [42 ,  35]  =  0.00324391
  [43 ,  35]  =  -0.00817707
  [44 ,  35]  =  -0.00690243
  [45 ,  35]  =  -0.00556171
  [46 ,  35]  =  -0.00314115
  [47 ,  35]  =  -0.00806196
  [48 ,  35]  =  0.00920166
  [49 ,  35]  =  -0.0191053
  [50 ,  35]  =  -0.00952745
  [151,  35]  =  1.0
  [186,  35]  =  1.0
  [336,  35]  =  -1.0
  [26 ,  36]  =  -0.00516485
  [27 ,  36]  =  -0.0272925
  [28 ,  36]  =  -0.0479427
  [29 ,  36]  =  -0.0229597
  [30 ,  36]  =  -0.0164753
  [31 ,  36]  =  -0.0193318
  [32 ,  36]  =  0.00845234
  [33 ,  36]  =  -0.033836
  [34 ,  36]  =  -0.018143
  [35 ,  36]  =  -0.018764
  [36 ,  36]  =  -0.431162
  [37 ,  36]  =  -0.0039815
  [38 ,  36]  =  -0.025548
  [39 ,  36]  =  0.000102428
  [40 ,  36]  =  -0.0189686
  [41 ,  36]  =  -0.00284526
  [42 ,  36]  =  -0.0125421
  [43 ,  36]  =  -0.03053
  [44 ,  36]  =  -0.0475236
  [45 ,  36]  =  0.0025563
  [46 ,  36]  =  -0.0043703
  [47 ,  36]  =  -0.00852551
  [48 ,  36]  =  0.00555832
  [49 ,  36]  =  -0.0257894
  [50 ,  36]  =  -0.00790569
  [151,  36]  =  1.0
  [187,  36]  =  1.0
  [337,  36]  =  -1.0
  [26 ,  37]  =  -0.00788053
  [27 ,  37]  =  -0.0141424
  [28 ,  37]  =  -0.029793
  [29 ,  37]  =  -0.00377954
  [30 ,  37]  =  0.000348324
  [31 ,  37]  =  -0.0160555
  [32 ,  37]  =  -0.0241754
  [33 ,  37]  =  0.00876752
  [34 ,  37]  =  -0.00351733
  [35 ,  37]  =  -0.00552911
  [36 ,  37]  =  -0.0039815
  [37 ,  37]  =  -0.373077
  [38 ,  37]  =  -0.000331858
  [39 ,  37]  =  -0.0473602
  [40 ,  37]  =  -0.00333317
  [41 ,  37]  =  -0.0115389
  [42 ,  37]  =  -0.00373599
  [43 ,  37]  =  -0.018415
  [44 ,  37]  =  0.00397162
  [45 ,  37]  =  -0.0184318
  [46 ,  37]  =  -0.00180167
  [47 ,  37]  =  -0.00542847
  [48 ,  37]  =  0.00718746
  [49 ,  37]  =  -0.0047947
  [50 ,  37]  =  -0.00631798
  [151,  37]  =  1.0
  [188,  37]  =  1.0
  [338,  37]  =  -1.0
  [26 ,  38]  =  0.00095229
  [27 ,  38]  =  0.00275311
  [28 ,  38]  =  -0.0245956
  [29 ,  38]  =  -0.00332283
  [30 ,  38]  =  -0.00521288
  [31 ,  38]  =  0.000100866
  [32 ,  38]  =  -0.00350344
  [33 ,  38]  =  0.00489599
  [34 ,  38]  =  -0.0299882
  [35 ,  38]  =  -0.00678328
  [36 ,  38]  =  -0.025548
  [37 ,  38]  =  -0.000331858
  [38 ,  38]  =  -0.269095
  [39 ,  38]  =  -0.000331859
  [40 ,  38]  =  -0.00154617
  [41 ,  38]  =  -0.00464225
  [42 ,  38]  =  0.000732489
  [43 ,  38]  =  0.00119534
  [44 ,  38]  =  -0.0102476
  [45 ,  38]  =  -0.00367951
  [46 ,  38]  =  0.00334365
  [47 ,  38]  =  -0.0179307
  [48 ,  38]  =  -0.00113178
  [49 ,  38]  =  -0.0104766
  [50 ,  38]  =  -0.0167261
  [151,  38]  =  1.0
  [189,  38]  =  1.0
  [339,  38]  =  -1.0
  [26 ,  39]  =  -0.00790941
  [27 ,  39]  =  -0.0202466
  [28 ,  39]  =  -0.0173609
  [29 ,  39]  =  -0.0186776
  [30 ,  39]  =  0.00501256
  [31 ,  39]  =  -0.0193579
  [32 ,  39]  =  -0.0228527
  [33 ,  39]  =  -0.00617581
  [34 ,  39]  =  -0.014731
  [35 ,  39]  =  0.00170647
  [36 ,  39]  =  0.000102428
  [37 ,  39]  =  -0.0473602
  [38 ,  39]  =  -0.000331859
  [39 ,  39]  =  -0.290523
  [40 ,  39]  =  -0.0305358
  [41 ,  39]  =  -0.0138732
  [42 ,  39]  =  -0.0164014
  [43 ,  39]  =  -0.00871438
  [44 ,  39]  =  -0.00535458
  [45 ,  39]  =  -0.0131301
  [46 ,  39]  =  0.00349647
  [47 ,  39]  =  -0.00762501
  [48 ,  39]  =  -0.0197366
  [49 ,  39]  =  -0.0032371
  [50 ,  39]  =  -0.014137
  [151,  39]  =  1.0
  [190,  39]  =  1.0
  [340,  39]  =  -1.0
  [26 ,  40]  =  -0.00560517
  [27 ,  40]  =  -0.0228221
  [28 ,  40]  =  -0.0332243
  [29 ,  40]  =  -0.0195547
  [30 ,  40]  =  -0.0291012
  [31 ,  40]  =  0.0104625
  [32 ,  40]  =  -0.0138216
  [33 ,  40]  =  0.0012259
  [34 ,  40]  =  -0.00976869
  [35 ,  40]  =  0.00143395
  [36 ,  40]  =  -0.0189686
  [37 ,  40]  =  -0.00333317
  [38 ,  40]  =  -0.00154617
  [39 ,  40]  =  -0.0305358
  [40 ,  40]  =  -0.307908
  [41 ,  40]  =  0.00327105
  [42 ,  40]  =  -0.0273646
  [43 ,  40]  =  -0.0252559
  [44 ,  40]  =  -0.033064
  [45 ,  40]  =  -0.0128171
  [46 ,  40]  =  -0.0102801
  [47 ,  40]  =  -0.00823731
  [48 ,  40]  =  -0.0512907
  [49 ,  40]  =  -0.00933753
  [50 ,  40]  =  -0.00869701
  [151,  40]  =  1.0
  [191,  40]  =  1.0
  [341,  40]  =  -1.0
  [26 ,  41]  =  -0.00162167
  [27 ,  41]  =  -0.0107603
  [28 ,  41]  =  -0.00081251
  [29 ,  41]  =  0.000533581
  [30 ,  41]  =  -0.0430224
  [31 ,  41]  =  -0.0110479
  [32 ,  41]  =  -0.00294618
  [33 ,  41]  =  0.00470896
  [34 ,  41]  =  -0.00928882
  [35 ,  41]  =  0.00740406
  [36 ,  41]  =  -0.00284526
  [37 ,  41]  =  -0.0115389
  [38 ,  41]  =  -0.00464225
  [39 ,  41]  =  -0.0138732
  [40 ,  41]  =  0.00327105
  [41 ,  41]  =  -1.03217
  [42 ,  41]  =  -0.0267015
  [43 ,  41]  =  -0.0325459
  [44 ,  41]  =  -0.0152135
  [45 ,  41]  =  0.00348651
  [46 ,  41]  =  0.00148507
  [47 ,  41]  =  -0.00171514
  [48 ,  41]  =  0.00648665
  [49 ,  41]  =  0.000184195
  [50 ,  41]  =  -0.000214574
  [151,  41]  =  1.0
  [192,  41]  =  1.0
  [342,  41]  =  -1.0
  [26 ,  42]  =  0.00807398
  [27 ,  42]  =  -0.0451102
  [28 ,  42]  =  -0.0297085
  [29 ,  42]  =  -0.00482424
  [30 ,  42]  =  -0.119049
  [31 ,  42]  =  -0.00217613
  [32 ,  42]  =  -0.000193837
  [33 ,  42]  =  -0.0336801
  [34 ,  42]  =  -0.0195761
  [35 ,  42]  =  0.00324391
  [36 ,  42]  =  -0.0125421
  [37 ,  42]  =  -0.00373599
  [38 ,  42]  =  0.000732489
  [39 ,  42]  =  -0.0164014
  [40 ,  42]  =  -0.0273646
  [41 ,  42]  =  -0.0267015
  [42 ,  42]  =  -0.470922
  [43 ,  42]  =  -0.00355392
  [44 ,  42]  =  -0.149599
  [45 ,  42]  =  -0.00792511
  [46 ,  42]  =  -0.0123204
  [47 ,  42]  =  -0.0175157
  [48 ,  42]  =  -0.00748745
  [49 ,  42]  =  0.00595137
  [50 ,  42]  =  0.00103627
  [151,  42]  =  1.0
  [193,  42]  =  1.0
  [343,  42]  =  -1.0
  [26 ,  43]  =  -0.00214342
  [27 ,  43]  =  -0.0201424
  [28 ,  43]  =  -0.00839933
  [29 ,  43]  =  -0.0187917
  [30 ,  43]  =  0.00952397
  [31 ,  43]  =  -0.00527761
  [32 ,  43]  =  -0.00268371
  [33 ,  43]  =  0.007993
  [34 ,  43]  =  -0.020602
  [35 ,  43]  =  -0.00817707
  [36 ,  43]  =  -0.03053
  [37 ,  43]  =  -0.018415
  [38 ,  43]  =  0.00119534
  [39 ,  43]  =  -0.00871438
  [40 ,  43]  =  -0.0252559
  [41 ,  43]  =  -0.0325459
  [42 ,  43]  =  -0.00355392
  [43 ,  43]  =  -0.55335
  [44 ,  43]  =  0.00640621
  [45 ,  43]  =  -0.00971736
  [46 ,  43]  =  -0.00472193
  [47 ,  43]  =  -0.0209864
  [48 ,  43]  =  0.00609444
  [49 ,  43]  =  -0.0187727
  [50 ,  43]  =  -0.0126061
  [151,  43]  =  1.0
  [194,  43]  =  1.0
  [344,  43]  =  -1.0
  [26 ,  44]  =  -0.00104913
  [27 ,  44]  =  -0.0228289
  [28 ,  44]  =  -0.0312693
  [29 ,  44]  =  -0.0176047
  [30 ,  44]  =  -0.0999873
  [31 ,  44]  =  -0.0040952
  [32 ,  44]  =  0.00308507
  [33 ,  44]  =  -0.0840826
  [34 ,  44]  =  -0.0136631
  [35 ,  44]  =  -0.00690243
  [36 ,  44]  =  -0.0475236
  [37 ,  44]  =  0.00397162
  [38 ,  44]  =  -0.0102476
  [39 ,  44]  =  -0.00535458
  [40 ,  44]  =  -0.033064
  [41 ,  44]  =  -0.0152135
  [42 ,  44]  =  -0.149599
  [43 ,  44]  =  0.00640621
  [44 ,  44]  =  -0.473086
  [45 ,  44]  =  -0.00155543
  [46 ,  44]  =  0.00581791
  [47 ,  44]  =  -0.0198496
  [48 ,  44]  =  -0.0240312
  [49 ,  44]  =  -0.00479995
  [50 ,  44]  =  -0.00524477
  [151,  44]  =  1.0
  [195,  44]  =  1.0
  [345,  44]  =  -1.0
  [26 ,  45]  =  -0.0150235
  [27 ,  45]  =  -0.0267675
  [28 ,  45]  =  -0.0155303
  [29 ,  45]  =  -0.00168638
  [30 ,  45]  =  -0.0146547
  [31 ,  45]  =  -0.0204231
  [32 ,  45]  =  -0.0135753
  [33 ,  45]  =  -0.00279295
  [34 ,  45]  =  -0.0145501
  [35 ,  45]  =  -0.00556171
  [36 ,  45]  =  0.0025563
  [37 ,  45]  =  -0.0184318
  [38 ,  45]  =  -0.00367951
  [39 ,  45]  =  -0.0131301
  [40 ,  45]  =  -0.0128171
  [41 ,  45]  =  0.00348651
  [42 ,  45]  =  -0.00792511
  [43 ,  45]  =  -0.00971736
  [44 ,  45]  =  -0.00155543
  [45 ,  45]  =  -0.167062
  [46 ,  45]  =  -0.0111211
  [47 ,  45]  =  -0.00693094
  [48 ,  45]  =  0.00292059
  [49 ,  45]  =  -0.0236892
  [50 ,  45]  =  -0.00229807
  [151,  45]  =  1.0
  [196,  45]  =  1.0
  [346,  45]  =  -1.0
  [26 ,  46]  =  -0.00530417
  [27 ,  46]  =  -0.00571099
  [28 ,  46]  =  0.00701464
  [29 ,  46]  =  -0.00998204
  [30 ,  46]  =  -0.00947123
  [31 ,  46]  =  -0.000813874
  [32 ,  46]  =  -0.00620142
  [33 ,  46]  =  -0.0137284
  [34 ,  46]  =  -0.0315563
  [35 ,  46]  =  -0.00314115
  [36 ,  46]  =  -0.0043703
  [37 ,  46]  =  -0.00180167
  [38 ,  46]  =  0.00334365
  [39 ,  46]  =  0.00349647
  [40 ,  46]  =  -0.0102801
  [41 ,  46]  =  0.00148507
  [42 ,  46]  =  -0.0123204
  [43 ,  46]  =  -0.00472193
  [44 ,  46]  =  0.00581791
  [45 ,  46]  =  -0.0111211
  [46 ,  46]  =  -0.195024
  [47 ,  46]  =  0.00025924
  [48 ,  46]  =  -0.0137277
  [49 ,  46]  =  0.00209666
  [50 ,  46]  =  -0.00233766
  [151,  46]  =  1.0
  [197,  46]  =  1.0
  [347,  46]  =  -1.0
  [26 ,  47]  =  0.000922323
  [27 ,  47]  =  0.000418215
  [28 ,  47]  =  -0.00177895
  [29 ,  47]  =  -0.0196424
  [30 ,  47]  =  -0.0335688
  [31 ,  47]  =  -0.00166531
  [32 ,  47]  =  -0.00223137
  [33 ,  47]  =  -0.0120146
  [34 ,  47]  =  -0.00488255
  [35 ,  47]  =  -0.00806196
  [36 ,  47]  =  -0.00852551
  [37 ,  47]  =  -0.00542847
  [38 ,  47]  =  -0.0179307
  [39 ,  47]  =  -0.00762501
  [40 ,  47]  =  -0.00823731
  [41 ,  47]  =  -0.00171514
  [42 ,  47]  =  -0.0175157
  [43 ,  47]  =  -0.0209864
  [44 ,  47]  =  -0.0198496
  [45 ,  47]  =  -0.00693094
  [46 ,  47]  =  0.00025924
  [47 ,  47]  =  -0.168151
  [48 ,  47]  =  -0.00493549
  [49 ,  47]  =  -0.00592651
  [50 ,  47]  =  -0.0078814
  [151,  47]  =  1.0
  [198,  47]  =  1.0
  [348,  47]  =  -1.0
  [26 ,  48]  =  0.017619
  [27 ,  48]  =  0.0123706
  [28 ,  48]  =  -0.00537475
  [29 ,  48]  =  -0.01161
  [30 ,  48]  =  0.0137662
  [31 ,  48]  =  -0.00490441
  [32 ,  48]  =  -0.00861026
  [33 ,  48]  =  0.00315594
  [34 ,  48]  =  -0.0334163
  [35 ,  48]  =  0.00920166
  [36 ,  48]  =  0.00555832
  [37 ,  48]  =  0.00718746
  [38 ,  48]  =  -0.00113178
  [39 ,  48]  =  -0.0197366
  [40 ,  48]  =  -0.0512907
  [41 ,  48]  =  0.00648665
  [42 ,  48]  =  -0.00748745
  [43 ,  48]  =  0.00609444
  [44 ,  48]  =  -0.0240312
  [45 ,  48]  =  0.00292059
  [46 ,  48]  =  -0.0137277
  [47 ,  48]  =  -0.00493549
  [48 ,  48]  =  -0.62887
  [49 ,  48]  =  -0.00914824
  [50 ,  48]  =  0.00794772
  [151,  48]  =  1.0
  [199,  48]  =  1.0
  [349,  48]  =  -1.0
  [26 ,  49]  =  -0.00329132
  [27 ,  49]  =  -0.00872138
  [28 ,  49]  =  -0.0181585
  [29 ,  49]  =  -0.0104826
  [30 ,  49]  =  -0.00219708
  [31 ,  49]  =  -0.0185427
  [32 ,  49]  =  -0.0113899
  [33 ,  49]  =  -0.0169713
  [34 ,  49]  =  0.0010585
  [35 ,  49]  =  -0.0191053
  [36 ,  49]  =  -0.0257894
  [37 ,  49]  =  -0.0047947
  [38 ,  49]  =  -0.0104766
  [39 ,  49]  =  -0.0032371
  [40 ,  49]  =  -0.00933753
  [41 ,  49]  =  0.000184195
  [42 ,  49]  =  0.00595137
  [43 ,  49]  =  -0.0187727
  [44 ,  49]  =  -0.00479995
  [45 ,  49]  =  -0.0236892
  [46 ,  49]  =  0.00209666
  [47 ,  49]  =  -0.00592651
  [48 ,  49]  =  -0.00914824
  [49 ,  49]  =  -0.171892
  [50 ,  49]  =  -0.013767
  [151,  49]  =  1.0
  [200,  49]  =  1.0
  [350,  49]  =  -1.0
  [26 ,  50]  =  -0.0279021
  [27 ,  50]  =  -0.00375545
  [28 ,  50]  =  -0.0183542
  [29 ,  50]  =  -0.00633447
  [30 ,  50]  =  -0.00157072
  [31 ,  50]  =  -0.0157297
  [32 ,  50]  =  -0.00623049
  [33 ,  50]  =  -0.00332441
  [34 ,  50]  =  -0.0188882
  [35 ,  50]  =  -0.00952745
  [36 ,  50]  =  -0.00790569
  [37 ,  50]  =  -0.00631798
  [38 ,  50]  =  -0.0167261
  [39 ,  50]  =  -0.014137
  [40 ,  50]  =  -0.00869701
  [41 ,  50]  =  -0.000214574
  [42 ,  50]  =  0.00103627
  [43 ,  50]  =  -0.0126061
  [44 ,  50]  =  -0.00524477
  [45 ,  50]  =  -0.00229807
  [46 ,  50]  =  -0.00233766
  [47 ,  50]  =  -0.0078814
  [48 ,  50]  =  0.00794772
  [49 ,  50]  =  -0.013767
  [50 ,  50]  =  -0.206469
  [151,  50]  =  1.0
  [201,  50]  =  1.0
  [351,  50]  =  -1.0
  [51 ,  51]  =  -0.262024
  [52 ,  51]  =  -0.011982
  [53 ,  51]  =  0.00391765
  [54 ,  51]  =  -0.00827124
  [55 ,  51]  =  -0.00354118
  [56 ,  51]  =  -0.00723638
  [57 ,  51]  =  -0.00391564
  [58 ,  51]  =  -0.00508192
  [59 ,  51]  =  -0.0154452
  [60 ,  51]  =  -0.0158127
  [61 ,  51]  =  -0.0128905
  [62 ,  51]  =  -0.0152109
  [63 ,  51]  =  -0.00863269
  [64 ,  51]  =  0.00250996
  [65 ,  51]  =  -0.00744628
  [66 ,  51]  =  -0.0115292
  [67 ,  51]  =  -0.0160473
  [68 ,  51]  =  -0.00335938
  [69 ,  51]  =  0.0105492
  [70 ,  51]  =  -0.00354145
  [71 ,  51]  =  -0.00368524
  [72 ,  51]  =  -0.0339179
  [73 ,  51]  =  -0.00104232
  [74 ,  51]  =  -0.0102574
  [75 ,  51]  =  -0.0193405
  [151,  51]  =  1.0
  [202,  51]  =  1.0
  [352,  51]  =  -1.0
  [51 ,  52]  =  -0.011982
  [52 ,  52]  =  -0.23309
  [53 ,  52]  =  -0.015694
  [54 ,  52]  =  -0.0195164
  [55 ,  52]  =  -0.0110535
  [56 ,  52]  =  -0.00387235
  [57 ,  52]  =  -0.00907964
  [58 ,  52]  =  -0.0213534
  [59 ,  52]  =  -0.00927478
  [60 ,  52]  =  -0.00471949
  [61 ,  52]  =  -0.0194962
  [62 ,  52]  =  -0.0435838
  [63 ,  52]  =  -0.00512877
  [64 ,  52]  =  -0.0140233
  [65 ,  52]  =  -0.0165331
  [66 ,  52]  =  0.000990286
  [67 ,  52]  =  -0.0102856
